<?xml version="1.0"?>
<arts version="1" format="ascii">
<Matrix ncols="50" nrows="50">
1.6000000e+01 1.5824205e+01 1.5634420e+01 1.5454772e+01 1.5265712e+01 1.5066704e+01 1.4864565e+01 1.4662721e+01 1.4448365e+01 1.4236078e+01 1.4023427e+01 1.3799369e+01 1.3560857e+01 1.3326874e+01 1.3085280e+01 1.2838097e+01 1.2576710e+01 1.2314573e+01 1.2035516e+01 1.1758565e+01 1.1461691e+01 1.1158199e+01 1.0843846e+01 1.0529160e+01 1.0185971e+01 9.8323324e+00 9.4738999e+00 9.0925994e+00 8.6860151e+00 8.2753953e+00 7.8413419e+00 7.3800921e+00 6.8859295e+00 6.3791890e+00 5.8248490e+00 5.2449786e+00 4.6288623e+00 3.9542916e+00 3.2254394e+00 2.4285664e+00 1.5611191e+00 5.8600015e-01 0.0000000e+00 0.0000000e+00 0.0000000e+00 0.0000000e+00 0.0000000e+00 0.0000000e+00 0.0000000e+00 0.0000000e+00
1.5824205e+01 1.6000000e+01 1.5810214e+01 1.5630566e+01 1.5441507e+01 1.5242499e+01 1.5040360e+01 1.4838516e+01 1.4624159e+01 1.4411872e+01 1.4199222e+01 1.3975164e+01 1.3736652e+01 1.3502669e+01 1.3261074e+01 1.3013891e+01 1.2752505e+01 1.2490368e+01 1.2211311e+01 1.1934360e+01 1.1637486e+01 1.1333994e+01 1.1019641e+01 1.0704955e+01 1.0361766e+01 1.0008127e+01 9.6496948e+00 9.2683943e+00 8.8618099e+00 8.4511901e+00 8.0171367e+00 7.5558869e+00 7.0617243e+00 6.5549839e+00 6.0006439e+00 5.4207735e+00 4.8046572e+00 4.1300864e+00 3.4012343e+00 2.6043613e+00 1.7369140e+00 7.6179502e-01 0.0000000e+00 0.0000000e+00 0.0000000e+00 0.0000000e+00 0.0000000e+00 0.0000000e+00 0.0000000e+00 0.0000000e+00
1.5634420e+01 1.5810214e+01 1.6000000e+01 1.5820352e+01 1.5631293e+01 1.5432285e+01 1.5230146e+01 1.5028301e+01 1.4813945e+01 1.4601658e+01 1.4389007e+01 1.4164949e+01 1.3926437e+01 1.3692455e+01 1.3450860e+01 1.3203677e+01 1.2942290e+01 1.2680153e+01 1.2401097e+01 1.2124146e+01 1.1827272e+01 1.1523780e+01 1.1209427e+01 1.0894740e+01 1.0551552e+01 1.0197913e+01 9.8394803e+00 9.4581798e+00 9.0515954e+00 8.6409756e+00 8.2069222e+00 7.7456724e+00 7.2515098e+00 6.7447694e+00 6.1904294e+00 5.6105590e+00 4.9944427e+00 4.3198719e+00 3.5910198e+00 2.7941468e+00 1.9266995e+00 9.5158052e-01 0.0000000e+00 0.0000000e+00 0.0000000e+00 0.0000000e+00 0.0000000e+00 0.0000000e+00 0.0000000e+00 0.0000000e+00
1.5454772e+01 1.5630566e+01 1.5820352e+01 1.6000000e+01 1.5810941e+01 1.5611933e+01 1.5409794e+01 1.5207949e+01 1.4993593e+01 1.4781306e+01 1.4568655e+01 1.4344597e+01 1.4106085e+01 1.3872103e+01 1.3630508e+01 1.3383325e+01 1.3121938e+01 1.2859801e+01 1.2580745e+01 1.2303794e+01 1.2006920e+01 1.1703428e+01 1.1389075e+01 1.1074388e+01 1.0731200e+01 1.0377561e+01 1.0019128e+01 9.6378278e+00 9.2312434e+00 8.8206236e+00 8.3865702e+00 7.9253204e+00 7.4311578e+00 6.9244174e+00 6.3700774e+00 5.7902070e+00 5.1740907e+00 4.4995199e+00 3.7706678e+00 2.9737948e+00 2.1063475e+00 1.1312285e+00 3.9882485e-02 0.0000000e+00 0.0000000e+00 0.0000000e+00 0.0000000e+00 0.0000000e+00 0.0000000e+00 0.0000000e+00
1.5265712e+01 1.5441507e+01 1.5631293e+01 1.5810941e+01 1.6000000e+01 1.5800992e+01 1.5598853e+01 1.5397009e+01 1.5182652e+01 1.4970365e+01 1.4757714e+01 1.4533656e+01 1.4295144e+01 1.4061162e+01 1.3819567e+01 1.3572384e+01 1.3310998e+01 1.3048860e+01 1.2769804e+01 1.2492853e+01 1.2195979e+01 1.1892487e+01 1.1578134e+01 1.1263448e+01 1.0920259e+01 1.0566620e+01 1.0208188e+01 9.8268871e+00 9.4203027e+00 9.0096829e+00 8.5756295e+00 8.1143797e+00 7.6202171e+00 7.1134766e+00 6.5591366e+00 5.9792662e+00 5.3631499e+00 4.6885792e+00 3.9597270e+00 3.1628540e+00 2.2954068e+00 1.3202878e+00 2.2894173e-01 0.0000000e+00 0.0000000e+00 0.0000000e+00 0.0000000e+00 0.0000000e+00 0.0000000e+00 0.0000000e+00
1.5066704e+01 1.5242499e+01 1.5432285e+01 1.5611933e+01 1.5800992e+01 1.6000000e+01 1.5797861e+01 1.5596016e+01 1.5381660e+01 1.5169373e+01 1.4956722e+01 1.4732664e+01 1.4494152e+01 1.4260170e+01 1.4018575e+01 1.3771392e+01 1.3510005e+01 1.3247868e+01 1.2968812e+01 1.2691861e+01 1.2394987e+01 1.2091495e+01 1.1777142e+01 1.1462456e+01 1.1119267e+01 1.0765628e+01 1.0407196e+01 1.0025895e+01 9.6193106e+00 9.2086908e+00 8.7746374e+00 8.3133876e+00 7.8192250e+00 7.3124846e+00 6.7581446e+00 6.1782742e+00 5.5621579e+00 4.8875871e+00 4.1587350e+00 3.3618620e+00 2.4944147e+00 1.5192957e+00 4.2794968e-01 0.0000000e+00 0.0000000e+00 0.0000000e+00 0.0000000e+00 0.0000000e+00 0.0000000e+00 0.0000000e+00
1.4864565e+01 1.5040360e+01 1.5230146e+01 1.5409794e+01 1.5598853e+01 1.5797861e+01 1.6000000e+01 1.5798155e+01 1.5583799e+01 1.5371512e+01 1.5158861e+01 1.4934803e+01 1.4696291e+01 1.4462309e+01 1.4220714e+01 1.3973531e+01 1.3712144e+01 1.3450007e+01 1.3170951e+01 1.2894000e+01 1.2597126e+01 1.2293634e+01 1.1979281e+01 1.1664595e+01 1.1321406e+01 1.0967767e+01 1.0609335e+01 1.0228034e+01 9.8214496e+00 9.4108298e+00 8.9767764e+00 8.5155266e+00 8.0213640e+00 7.5146236e+00 6.9602836e+00 6.3804132e+00 5.7642969e+00 5.0897261e+00 4.3608740e+00 3.5640010e+00 2.6965537e+00 1.7214347e+00 6.3008868e-01 0.0000000e+00 0.0000000e+00 0.0000000e+00 0.0000000e+00 0.0000000e+00 0.0000000e+00 0.0000000e+00
1.4662721e+01 1.4838516e+01 1.5028301e+01 1.5207949e+01 1.5397009e+01 1.5596016e+01 1.5798155e+01 1.6000000e+01 1.5785644e+01 1.5573357e+01 1.5360706e+01 1.5136648e+01 1.4898136e+01 1.4664154e+01 1.4422559e+01 1.4175376e+01 1.3913989e+01 1.3651852e+01 1.3372795e+01 1.3095844e+01 1.2798970e+01 1.2495478e+01 1.2181125e+01 1.1866439e+01 1.1523250e+01 1.1169612e+01 1.0811179e+01 1.0429879e+01 1.0023294e+01 9.6126744e+00 9.1786210e+00 8.7173712e+00 8.2232086e+00 7.7164681e+00 7.1621281e+00 6.5822577e+00 5.9661414e+00 5.2915707e+00 4.5627185e+00 3.7658455e+00 2.8983983e+00 1.9232793e+00 8.3193322e-01 0.0000000e+00 0.0000000e+00 0.0000000e+00 0.0000000e+00 0.0000000e+00 0.0000000e+00 0.0000000e+00
1.4448365e+01 1.4624159e+01 1.4813945e+01 1.4993593e+01 1.5182652e+01 1.5381660e+01 1.5583799e+01 1.5785644e+01 1.6000000e+01 1.5787713e+01 1.5575062e+01 1.5351004e+01 1.5112492e+01 1.4878510e+01 1.4636915e+01 1.4389732e+01 1.4128345e+01 1.3866208e+01 1.3587152e+01 1.3310201e+01 1.3013327e+01 1.2709835e+01 1.2395482e+01 1.2080795e+01 1.1737607e+01 1.1383968e+01 1.1025535e+01 1.0644235e+01 1.0237650e+01 9.8270307e+00 9.3929773e+00 8.9317275e+00 8.4375649e+00 7.9308244e+00 7.3764844e+00 6.7966140e+00 6.1804977e+00 5.5059270e+00 4.7770748e+00 3.9802018e+00 3.1127546e+00 2.1376356e+00 1.0462895e+00 0.0000000e+00 0.0000000e+00 0.0000000e+00 0.0000000e+00 0.0000000e+00 0.0000000e+00 0.0000000e+00
1.4236078e+01 1.4411872e+01 1.4601658e+01 1.4781306e+01 1.4970365e+01 1.5169373e+01 1.5371512e+01 1.5573357e+01 1.5787713e+01 1.6000000e+01 1.5787349e+01 1.5563291e+01 1.5324779e+01 1.5090797e+01 1.4849202e+01 1.4602019e+01 1.4340632e+01 1.4078495e+01 1.3799439e+01 1.3522488e+01 1.3225614e+01 1.2922122e+01 1.2607769e+01 1.2293082e+01 1.1949894e+01 1.1596255e+01 1.1237822e+01 1.0856522e+01 1.0449937e+01 1.0039318e+01 9.6052643e+00 9.1440145e+00 8.6498519e+00 8.1431114e+00 7.5887714e+00 7.0089010e+00 6.3927847e+00 5.7182140e+00 4.9893618e+00 4.1924888e+00 3.3250415e+00 2.3499226e+00 1.2585765e+00 1.2159933e-02 0.0000000e+00 0.0000000e+00 0.0000000e+00 0.0000000e+00 0.0000000e+00 0.0000000e+00
1.4023427e+01 1.4199222e+01 1.4389007e+01 1.4568655e+01 1.4757714e+01 1.4956722e+01 1.5158861e+01 1.5360706e+01 1.5575062e+01 1.5787349e+01 1.6000000e+01 1.5775942e+01 1.5537430e+01 1.5303448e+01 1.5061853e+01 1.4814670e+01 1.4553283e+01 1.4291146e+01 1.4012089e+01 1.3735139e+01 1.3438265e+01 1.3134773e+01 1.2820420e+01 1.2505733e+01 1.2162544e+01 1.1808906e+01 1.1450473e+01 1.1069173e+01 1.0662588e+01 1.0251969e+01 9.8179152e+00 9.3566654e+00 8.8625028e+00 8.3557624e+00 7.8014224e+00 7.2215519e+00 6.6054357e+00 5.9308649e+00 5.2020128e+00 4.4051397e+00 3.5376925e+00 2.5625735e+00 1.4712275e+00 2.2481087e-01 0.0000000e+00 0.0000000e+00 0.0000000e+00 0.0000000e+00 0.0000000e+00 0.0000000e+00
1.3799369e+01 1.3975164e+01 1.4164949e+01 1.4344597e+01 1.4533656e+01 1.4732664e+01 1.4934803e+01 1.5136648e+01 1.5351004e+01 1.5563291e+01 1.5775942e+01 1.6000000e+01 1.5761488e+01 1.5527506e+01 1.5285911e+01 1.5038728e+01 1.4777341e+01 1.4515204e+01 1.4236147e+01 1.3959196e+01 1.3662322e+01 1.3358830e+01 1.3044477e+01 1.2729791e+01 1.2386602e+01 1.2032964e+01 1.1674531e+01 1.1293231e+01 1.0886646e+01 1.0476026e+01 1.0041973e+01 9.5807232e+00 9.0865606e+00 8.5798202e+00 8.0254802e+00 7.4456097e+00 6.8294935e+00 6.1549227e+00 5.4260706e+00 4.6291975e+00 3.7617503e+00 2.7866313e+00 1.6952853e+00 4.4886868e-01 0.0000000e+00 0.0000000e+00 0.0000000e+00 0.0000000e+00 0.0000000e+00 0.0000000e+00
1.3560857e+01 1.3736652e+01 1.3926437e+01 1.4106085e+01 1.4295144e+01 1.4494152e+01 1.4696291e+01 1.4898136e+01 1.5112492e+01 1.5324779e+01 1.5537430e+01 1.5761488e+01 1.6000000e+01 1.5766018e+01 1.5524423e+01 1.5277240e+01 1.5015853e+01 1.4753716e+01 1.4474659e+01 1.4197709e+01 1.3900835e+01 1.3597343e+01 1.3282990e+01 1.2968303e+01 1.2625114e+01 1.2271476e+01 1.1913043e+01 1.1531743e+01 1.1125158e+01 1.0714539e+01 1.0280485e+01 9.8192354e+00 9.3250728e+00 8.8183323e+00 8.2639923e+00 7.6841219e+00 7.0680056e+00 6.3934349e+00 5.6645827e+00 4.8677097e+00 4.0002625e+00 3.0251435e+00 1.9337974e+00 6.8738085e-01 0.0000000e+00 0.0000000e+00 0.0000000e+00 0.0000000e+00 0.0000000e+00 0.0000000e+00
1.3326874e+01 1.3502669e+01 1.3692455e+01 1.3872103e+01 1.4061162e+01 1.4260170e+01 1.4462309e+01 1.4664154e+01 1.4878510e+01 1.5090797e+01 1.5303448e+01 1.5527506e+01 1.5766018e+01 1.6000000e+01 1.5758405e+01 1.5511222e+01 1.5249835e+01 1.4987698e+01 1.4708642e+01 1.4431691e+01 1.4134817e+01 1.3831325e+01 1.3516972e+01 1.3202286e+01 1.2859097e+01 1.2505458e+01 1.2147026e+01 1.1765725e+01 1.1359141e+01 1.0948521e+01 1.0514467e+01 1.0053218e+01 9.5590551e+00 9.0523146e+00 8.4979746e+00 7.9181042e+00 7.3019879e+00 6.6274172e+00 5.8985650e+00 5.1016920e+00 4.2342447e+00 3.2591257e+00 2.1677797e+00 9.2136312e-01 0.0000000e+00 0.0000000e+00 0.0000000e+00 0.0000000e+00 0.0000000e+00 0.0000000e+00
1.3085280e+01 1.3261074e+01 1.3450860e+01 1.3630508e+01 1.3819567e+01 1.4018575e+01 1.4220714e+01 1.4422559e+01 1.4636915e+01 1.4849202e+01 1.5061853e+01 1.5285911e+01 1.5524423e+01 1.5758405e+01 1.6000000e+01 1.5752817e+01 1.5491430e+01 1.5229293e+01 1.4950237e+01 1.4673286e+01 1.4376412e+01 1.4072920e+01 1.3758567e+01 1.3443880e+01 1.3100692e+01 1.2747053e+01 1.2388620e+01 1.2007320e+01 1.1600735e+01 1.1190116e+01 1.0756062e+01 1.0294812e+01 9.8006499e+00 9.2939094e+00 8.7395694e+00 8.1596990e+00 7.5435827e+00 6.8690119e+00 6.1401598e+00 5.3432868e+00 4.4758395e+00 3.5007205e+00 2.4093745e+00 1.1629579e+00 0.0000000e+00 0.0000000e+00 0.0000000e+00 0.0000000e+00 0.0000000e+00 0.0000000e+00
1.2838097e+01 1.3013891e+01 1.3203677e+01 1.3383325e+01 1.3572384e+01 1.3771392e+01 1.3973531e+01 1.4175376e+01 1.4389732e+01 1.4602019e+01 1.4814670e+01 1.5038728e+01 1.5277240e+01 1.5511222e+01 1.5752817e+01 1.6000000e+01 1.5738613e+01 1.5476476e+01 1.5197420e+01 1.4920469e+01 1.4623595e+01 1.4320103e+01 1.4005750e+01 1.3691063e+01 1.3347875e+01 1.2994236e+01 1.2635803e+01 1.2254503e+01 1.1847919e+01 1.1437299e+01 1.1003245e+01 1.0541996e+01 1.0047833e+01 9.5410925e+00 8.9867525e+00 8.4068821e+00 7.7907658e+00 7.1161950e+00 6.3873429e+00 5.5904699e+00 4.7230226e+00 3.7479036e+00 2.6565576e+00 1.4101410e+00 0.0000000e+00 0.0000000e+00 0.0000000e+00 0.0000000e+00 0.0000000e+00 0.0000000e+00
1.2576710e+01 1.2752505e+01 1.2942290e+01 1.3121938e+01 1.3310998e+01 1.3510005e+01 1.3712144e+01 1.3913989e+01 1.4128345e+01 1.4340632e+01 1.4553283e+01 1.4777341e+01 1.5015853e+01 1.5249835e+01 1.5491430e+01 1.5738613e+01 1.6000000e+01 1.5737863e+01 1.5458806e+01 1.5181855e+01 1.4884981e+01 1.4581489e+01 1.4267136e+01 1.3952450e+01 1.3609261e+01 1.3255623e+01 1.2897190e+01 1.2515890e+01 1.2109305e+01 1.1698685e+01 1.1264632e+01 1.0803382e+01 1.0309220e+01 9.8024791e+00 9.2481391e+00 8.6682687e+00 8.0521524e+00 7.3775817e+00 6.6487295e+00 5.8518565e+00 4.9844092e+00 4.0092903e+00 2.9179442e+00 1.6715276e+00 2.2627924e-01 0.0000000e+00 0.0000000e+00 0.0000000e+00 0.0000000e+00 0.0000000e+00
1.2314573e+01 1.2490368e+01 1.2680153e+01 1.2859801e+01 1.3048860e+01 1.3247868e+01 1.3450007e+01 1.3651852e+01 1.3866208e+01 1.4078495e+01 1.4291146e+01 1.4515204e+01 1.4753716e+01 1.4987698e+01 1.5229293e+01 1.5476476e+01 1.5737863e+01 1.6000000e+01 1.5720943e+01 1.5443993e+01 1.5147119e+01 1.4843627e+01 1.4529274e+01 1.4214587e+01 1.3871398e+01 1.3517760e+01 1.3159327e+01 1.2778027e+01 1.2371442e+01 1.1960823e+01 1.1526769e+01 1.1065519e+01 1.0571357e+01 1.0064616e+01 9.5102763e+00 8.9304059e+00 8.3142896e+00 7.6397189e+00 6.9108667e+00 6.1139937e+00 5.2465464e+00 4.2714274e+00 3.1800814e+00 1.9336648e+00 4.8841644e-01 0.0000000e+00 0.0000000e+00 0.0000000e+00 0.0000000e+00 0.0000000e+00
1.2035516e+01 1.2211311e+01 1.2401097e+01 1.2580745e+01 1.2769804e+01 1.2968812e+01 1.3170951e+01 1.3372795e+01 1.3587152e+01 1.3799439e+01 1.4012089e+01 1.4236147e+01 1.4474659e+01 1.4708642e+01 1.4950237e+01 1.5197420e+01 1.5458806e+01 1.5720943e+01 1.6000000e+01 1.5723049e+01 1.5426175e+01 1.5122683e+01 1.4808330e+01 1.4493644e+01 1.4150455e+01 1.3796816e+01 1.3438384e+01 1.3057083e+01 1.2650499e+01 1.2239879e+01 1.1805826e+01 1.1344576e+01 1.0850413e+01 1.0343673e+01 9.7893329e+00 9.2094624e+00 8.5933462e+00 7.9187754e+00 7.1899233e+00 6.3930502e+00 5.5256030e+00 4.5504840e+00 3.4591380e+00 2.2127214e+00 7.6747299e-01 0.0000000e+00 0.0000000e+00 0.0000000e+00 0.0000000e+00 0.0000000e+00
1.1758565e+01 1.1934360e+01 1.2124146e+01 1.2303794e+01 1.2492853e+01 1.2691861e+01 1.2894000e+01 1.3095844e+01 1.3310201e+01 1.3522488e+01 1.3735139e+01 1.3959196e+01 1.4197709e+01 1.4431691e+01 1.4673286e+01 1.4920469e+01 1.5181855e+01 1.5443993e+01 1.5723049e+01 1.6000000e+01 1.5703126e+01 1.5399634e+01 1.5085281e+01 1.4770595e+01 1.4427406e+01 1.4073767e+01 1.3715335e+01 1.3334034e+01 1.2927450e+01 1.2516830e+01 1.2082777e+01 1.1621527e+01 1.1127364e+01 1.0620624e+01 1.0066284e+01 9.4864133e+00 8.8702971e+00 8.1957263e+00 7.4668742e+00 6.6700011e+00 5.8025539e+00 4.8274349e+00 3.7360889e+00 2.4896723e+00 1.0444239e+00 0.0000000e+00 0.0000000e+00 0.0000000e+00 0.0000000e+00 0.0000000e+00
1.1461691e+01 1.1637486e+01 1.1827272e+01 1.2006920e+01 1.2195979e+01 1.2394987e+01 1.2597126e+01 1.2798970e+01 1.3013327e+01 1.3225614e+01 1.3438265e+01 1.3662322e+01 1.3900835e+01 1.4134817e+01 1.4376412e+01 1.4623595e+01 1.4884981e+01 1.5147119e+01 1.5426175e+01 1.5703126e+01 1.6000000e+01 1.5696508e+01 1.5382155e+01 1.5067469e+01 1.4724280e+01 1.4370641e+01 1.4012209e+01 1.3630908e+01 1.3224324e+01 1.2813704e+01 1.2379651e+01 1.1918401e+01 1.1424238e+01 1.0917498e+01 1.0363158e+01 9.7832874e+00 9.1671711e+00 8.4926003e+00 7.7637482e+00 6.9668752e+00 6.0994279e+00 5.1243089e+00 4.0329629e+00 2.7865463e+00 1.3412979e+00 0.0000000e+00 0.0000000e+00 0.0000000e+00 0.0000000e+00 0.0000000e+00
1.1158199e+01 1.1333994e+01 1.1523780e+01 1.1703428e+01 1.1892487e+01 1.2091495e+01 1.2293634e+01 1.2495478e+01 1.2709835e+01 1.2922122e+01 1.3134773e+01 1.3358830e+01 1.3597343e+01 1.3831325e+01 1.4072920e+01 1.4320103e+01 1.4581489e+01 1.4843627e+01 1.5122683e+01 1.5399634e+01 1.5696508e+01 1.6000000e+01 1.5685647e+01 1.5370961e+01 1.5027772e+01 1.4674133e+01 1.4315701e+01 1.3934400e+01 1.3527816e+01 1.3117196e+01 1.2683143e+01 1.2221893e+01 1.1727730e+01 1.1220990e+01 1.0666650e+01 1.0086779e+01 9.4706630e+00 8.7960923e+00 8.0672401e+00 7.2703671e+00 6.4029198e+00 5.4278008e+00 4.3364548e+00 3.0900382e+00 1.6447898e+00 0.0000000e+00 0.0000000e+00 0.0000000e+00 0.0000000e+00 0.0000000e+00
1.0843846e+01 1.1019641e+01 1.1209427e+01 1.1389075e+01 1.1578134e+01 1.1777142e+01 1.1979281e+01 1.2181125e+01 1.2395482e+01 1.2607769e+01 1.2820420e+01 1.3044477e+01 1.3282990e+01 1.3516972e+01 1.3758567e+01 1.4005750e+01 1.4267136e+01 1.4529274e+01 1.4808330e+01 1.5085281e+01 1.5382155e+01 1.5685647e+01 1.6000000e+01 1.5685314e+01 1.5342125e+01 1.4988486e+01 1.4630054e+01 1.4248753e+01 1.3842169e+01 1.3431549e+01 1.2997496e+01 1.2536246e+01 1.2042083e+01 1.1535343e+01 1.0981003e+01 1.0401132e+01 9.7850161e+00 9.1104453e+00 8.3815932e+00 7.5847201e+00 6.7172729e+00 5.7421539e+00 4.6508079e+00 3.4043913e+00 1.9591429e+00 2.2368601e-01 0.0000000e+00 0.0000000e+00 0.0000000e+00 0.0000000e+00
1.0529160e+01 1.0704955e+01 1.0894740e+01 1.1074388e+01 1.1263448e+01 1.1462456e+01 1.1664595e+01 1.1866439e+01 1.2080795e+01 1.2293082e+01 1.2505733e+01 1.2729791e+01 1.2968303e+01 1.3202286e+01 1.3443880e+01 1.3691063e+01 1.3952450e+01 1.4214587e+01 1.4493644e+01 1.4770595e+01 1.5067469e+01 1.5370961e+01 1.5685314e+01 1.6000000e+01 1.5656811e+01 1.5303172e+01 1.4944740e+01 1.4563439e+01 1.4156855e+01 1.3746235e+01 1.3312182e+01 1.2850932e+01 1.2356769e+01 1.1850029e+01 1.1295689e+01 1.0715819e+01 1.0099702e+01 9.4251316e+00 8.6962794e+00 7.8994064e+00 7.0319592e+00 6.0568402e+00 4.9654941e+00 3.7190775e+00 2.2738292e+00 5.3837229e-01 0.0000000e+00 0.0000000e+00 0.0000000e+00 0.0000000e+00
1.0185971e+01 1.0361766e+01 1.0551552e+01 1.0731200e+01 1.0920259e+01 1.1119267e+01 1.1321406e+01 1.1523250e+01 1.1737607e+01 1.1949894e+01 1.2162544e+01 1.2386602e+01 1.2625114e+01 1.2859097e+01 1.3100692e+01 1.3347875e+01 1.3609261e+01 1.3871398e+01 1.4150455e+01 1.4427406e+01 1.4724280e+01 1.5027772e+01 1.5342125e+01 1.5656811e+01 1.6000000e+01 1.5646361e+01 1.5287929e+01 1.4906628e+01 1.4500044e+01 1.4089424e+01 1.3655371e+01 1.3194121e+01 1.2699958e+01 1.2193218e+01 1.1638878e+01 1.1059007e+01 1.0442891e+01 9.7683204e+00 9.0394683e+00 8.2425952e+00 7.3751480e+00 6.4000290e+00 5.3086830e+00 4.0622664e+00 2.6170180e+00 8.8156113e-01 0.0000000e+00 0.0000000e+00 0.0000000e+00 0.0000000e+00
9.8323324e+00 1.0008127e+01 1.0197913e+01 1.0377561e+01 1.0566620e+01 1.0765628e+01 1.0967767e+01 1.1169612e+01 1.1383968e+01 1.1596255e+01 1.1808906e+01 1.2032964e+01 1.2271476e+01 1.2505458e+01 1.2747053e+01 1.2994236e+01 1.3255623e+01 1.3517760e+01 1.3796816e+01 1.4073767e+01 1.4370641e+01 1.4674133e+01 1.4988486e+01 1.5303172e+01 1.5646361e+01 1.6000000e+01 1.5641567e+01 1.5260267e+01 1.4853683e+01 1.4443063e+01 1.4009009e+01 1.3547760e+01 1.3053597e+01 1.2546857e+01 1.1992517e+01 1.1412646e+01 1.0796530e+01 1.0121959e+01 9.3931070e+00 8.5962339e+00 7.7287867e+00 6.7536677e+00 5.6623217e+00 4.4159051e+00 2.9706567e+00 1.2351998e+00 0.0000000e+00 0.0000000e+00 0.0000000e+00 0.0000000e+00
9.4738999e+00 9.6496948e+00 9.8394803e+00 1.0019128e+01 1.0208188e+01 1.0407196e+01 1.0609335e+01 1.0811179e+01 1.1025535e+01 1.1237822e+01 1.1450473e+01 1.1674531e+01 1.1913043e+01 1.2147026e+01 1.2388620e+01 1.2635803e+01 1.2897190e+01 1.3159327e+01 1.3438384e+01 1.3715335e+01 1.4012209e+01 1.4315701e+01 1.4630054e+01 1.4944740e+01 1.5287929e+01 1.5641567e+01 1.6000000e+01 1.5618700e+01 1.5212115e+01 1.4801495e+01 1.4367442e+01 1.3906192e+01 1.3412030e+01 1.2905289e+01 1.2350949e+01 1.1771079e+01 1.1154962e+01 1.0480392e+01 9.7515395e+00 8.9546665e+00 8.0872192e+00 7.1121002e+00 6.0207542e+00 4.7743376e+00 3.3290892e+00 1.5936323e+00 0.0000000e+00 0.0000000e+00 0.0000000e+00 0.0000000e+00
9.0925994e+00 9.2683943e+00 9.4581798e+00 9.6378278e+00 9.8268871e+00 1.0025895e+01 1.0228034e+01 1.0429879e+01 1.0644235e+01 1.0856522e+01 1.1069173e+01 1.1293231e+01 1.1531743e+01 1.1765725e+01 1.2007320e+01 1.2254503e+01 1.2515890e+01 1.2778027e+01 1.3057083e+01 1.3334034e+01 1.3630908e+01 1.3934400e+01 1.4248753e+01 1.4563439e+01 1.4906628e+01 1.5260267e+01 1.5618700e+01 1.6000000e+01 1.5593416e+01 1.5182796e+01 1.4748742e+01 1.4287493e+01 1.3793330e+01 1.3286590e+01 1.2732250e+01 1.2152379e+01 1.1536263e+01 1.0861692e+01 1.0132840e+01 9.3359670e+00 8.4685197e+00 7.4934007e+00 6.4020547e+00 5.1556381e+00 3.7103897e+00 1.9749328e+00 0.0000000e+00 0.0000000e+00 0.0000000e+00 0.0000000e+00
8.6860151e+00 8.8618099e+00 9.0515954e+00 9.2312434e+00 9.4203027e+00 9.6193106e+00 9.8214496e+00 1.0023294e+01 1.0237650e+01 1.0449937e+01 1.0662588e+01 1.0886646e+01 1.1125158e+01 1.1359141e+01 1.1600735e+01 1.1847919e+01 1.2109305e+01 1.2371442e+01 1.2650499e+01 1.2927450e+01 1.3224324e+01 1.3527816e+01 1.3842169e+01 1.4156855e+01 1.4500044e+01 1.4853683e+01 1.5212115e+01 1.5593416e+01 1.6000000e+01 1.5589380e+01 1.5155327e+01 1.4694077e+01 1.4199914e+01 1.3693174e+01 1.3138834e+01 1.2558964e+01 1.1942847e+01 1.1268277e+01 1.0539424e+01 9.7425513e+00 8.8751041e+00 7.8999851e+00 6.8086390e+00 5.5622225e+00 4.1169741e+00 2.3815172e+00 2.2867642e-01 0.0000000e+00 0.0000000e+00 0.0000000e+00
8.2753953e+00 8.4511901e+00 8.6409756e+00 8.8206236e+00 9.0096829e+00 9.2086908e+00 9.4108298e+00 9.6126744e+00 9.8270307e+00 1.0039318e+01 1.0251969e+01 1.0476026e+01 1.0714539e+01 1.0948521e+01 1.1190116e+01 1.1437299e+01 1.1698685e+01 1.1960823e+01 1.2239879e+01 1.2516830e+01 1.2813704e+01 1.3117196e+01 1.3431549e+01 1.3746235e+01 1.4089424e+01 1.4443063e+01 1.4801495e+01 1.5182796e+01 1.5589380e+01 1.6000000e+01 1.5565947e+01 1.5104697e+01 1.4610534e+01 1.4103794e+01 1.3549454e+01 1.2969583e+01 1.2353467e+01 1.1678896e+01 1.0950044e+01 1.0153171e+01 9.2857239e+00 8.3106049e+00 7.2192588e+00 5.9728423e+00 4.5275939e+00 2.7921370e+00 6.3929622e-01 0.0000000e+00 0.0000000e+00 0.0000000e+00
7.8413419e+00 8.0171367e+00 8.2069222e+00 8.3865702e+00 8.5756295e+00 8.7746374e+00 8.9767764e+00 9.1786210e+00 9.3929773e+00 9.6052643e+00 9.8179152e+00 1.0041973e+01 1.0280485e+01 1.0514467e+01 1.0756062e+01 1.1003245e+01 1.1264632e+01 1.1526769e+01 1.1805826e+01 1.2082777e+01 1.2379651e+01 1.2683143e+01 1.2997496e+01 1.3312182e+01 1.3655371e+01 1.4009009e+01 1.4367442e+01 1.4748742e+01 1.5155327e+01 1.5565947e+01 1.6000000e+01 1.5538750e+01 1.5044588e+01 1.4537847e+01 1.3983507e+01 1.3403637e+01 1.2787520e+01 1.2112950e+01 1.1384098e+01 1.0587225e+01 9.7197773e+00 8.7446583e+00 7.6533122e+00 6.4068957e+00 4.9616473e+00 3.2261904e+00 1.0733496e+00 0.0000000e+00 0.0000000e+00 0.0000000e+00
7.3800921e+00 7.5558869e+00 7.7456724e+00 7.9253204e+00 8.1143797e+00 8.3133876e+00 8.5155266e+00 8.7173712e+00 8.9317275e+00 9.1440145e+00 9.3566654e+00 9.5807232e+00 9.8192354e+00 1.0053218e+01 1.0294812e+01 1.0541996e+01 1.0803382e+01 1.1065519e+01 1.1344576e+01 1.1621527e+01 1.1918401e+01 1.2221893e+01 1.2536246e+01 1.2850932e+01 1.3194121e+01 1.3547760e+01 1.3906192e+01 1.4287493e+01 1.4694077e+01 1.5104697e+01 1.5538750e+01 1.6000000e+01 1.5505837e+01 1.4999097e+01 1.4444757e+01 1.3864887e+01 1.3248770e+01 1.2574200e+01 1.1845347e+01 1.1048474e+01 1.0181027e+01 9.2059081e+00 8.1145620e+00 6.8681455e+00 5.4228971e+00 3.6874402e+00 1.5345994e+00 0.0000000e+00 0.0000000e+00 0.0000000e+00
6.8859295e+00 7.0617243e+00 7.2515098e+00 7.4311578e+00 7.6202171e+00 7.8192250e+00 8.0213640e+00 8.2232086e+00 8.4375649e+00 8.6498519e+00 8.8625028e+00 9.0865606e+00 9.3250728e+00 9.5590551e+00 9.8006499e+00 1.0047833e+01 1.0309220e+01 1.0571357e+01 1.0850413e+01 1.1127364e+01 1.1424238e+01 1.1727730e+01 1.2042083e+01 1.2356769e+01 1.2699958e+01 1.3053597e+01 1.3412030e+01 1.3793330e+01 1.4199914e+01 1.4610534e+01 1.5044588e+01 1.5505837e+01 1.6000000e+01 1.5493260e+01 1.4938920e+01 1.4359049e+01 1.3742933e+01 1.3068362e+01 1.2339510e+01 1.1542637e+01 1.0675190e+01 9.7000707e+00 8.6087246e+00 7.3623081e+00 5.9170597e+00 4.1816028e+00 2.0287620e+00 0.0000000e+00 0.0000000e+00 0.0000000e+00
6.3791890e+00 6.5549839e+00 6.7447694e+00 6.9244174e+00 7.1134766e+00 7.3124846e+00 7.5146236e+00 7.7164681e+00 7.9308244e+00 8.1431114e+00 8.3557624e+00 8.5798202e+00 8.8183323e+00 9.0523146e+00 9.2939094e+00 9.5410925e+00 9.8024791e+00 1.0064616e+01 1.0343673e+01 1.0620624e+01 1.0917498e+01 1.1220990e+01 1.1535343e+01 1.1850029e+01 1.2193218e+01 1.2546857e+01 1.2905289e+01 1.3286590e+01 1.3693174e+01 1.4103794e+01 1.4537847e+01 1.4999097e+01 1.5493260e+01 1.6000000e+01 1.5445660e+01 1.4865790e+01 1.4249673e+01 1.3575103e+01 1.2846250e+01 1.2049377e+01 1.1181930e+01 1.0206811e+01 9.1154651e+00 7.8690485e+00 6.4238001e+00 4.6883432e+00 2.5355025e+00 0.0000000e+00 0.0000000e+00 0.0000000e+00
5.8248490e+00 6.0006439e+00 6.1904294e+00 6.3700774e+00 6.5591366e+00 6.7581446e+00 6.9602836e+00 7.1621281e+00 7.3764844e+00 7.5887714e+00 7.8014224e+00 8.0254802e+00 8.2639923e+00 8.4979746e+00 8.7395694e+00 8.9867525e+00 9.2481391e+00 9.5102763e+00 9.7893329e+00 1.0066284e+01 1.0363158e+01 1.0666650e+01 1.0981003e+01 1.1295689e+01 1.1638878e+01 1.1992517e+01 1.2350949e+01 1.2732250e+01 1.3138834e+01 1.3549454e+01 1.3983507e+01 1.4444757e+01 1.4938920e+01 1.5445660e+01 1.6000000e+01 1.5420130e+01 1.4804013e+01 1.4129443e+01 1.3400590e+01 1.2603717e+01 1.1736270e+01 1.0761151e+01 9.6698051e+00 8.4233885e+00 6.9781401e+00 5.2426832e+00 3.0898425e+00 1.9864171e-01 0.0000000e+00 0.0000000e+00
5.2449786e+00 5.4207735e+00 5.6105590e+00 5.7902070e+00 5.9792662e+00 6.1782742e+00 6.3804132e+00 6.5822577e+00 6.7966140e+00 7.0089010e+00 7.2215519e+00 7.4456097e+00 7.6841219e+00 7.9181042e+00 8.1596990e+00 8.4068821e+00 8.6682687e+00 8.9304059e+00 9.2094624e+00 9.4864133e+00 9.7832874e+00 1.0086779e+01 1.0401132e+01 1.0715819e+01 1.1059007e+01 1.1412646e+01 1.1771079e+01 1.2152379e+01 1.2558964e+01 1.2969583e+01 1.3403637e+01 1.3864887e+01 1.4359049e+01 1.4865790e+01 1.5420130e+01 1.6000000e+01 1.5383884e+01 1.4709313e+01 1.3980461e+01 1.3183588e+01 1.2316141e+01 1.1341022e+01 1.0249676e+01 9.0032589e+00 7.5580106e+00 5.8225537e+00 3.6697129e+00 7.7851215e-01 0.0000000e+00 0.0000000e+00
4.6288623e+00 4.8046572e+00 4.9944427e+00 5.1740907e+00 5.3631499e+00 5.5621579e+00 5.7642969e+00 5.9661414e+00 6.1804977e+00 6.3927847e+00 6.6054357e+00 6.8294935e+00 7.0680056e+00 7.3019879e+00 7.5435827e+00 7.7907658e+00 8.0521524e+00 8.3142896e+00 8.5933462e+00 8.8702971e+00 9.1671711e+00 9.4706630e+00 9.7850161e+00 1.0099702e+01 1.0442891e+01 1.0796530e+01 1.1154962e+01 1.1536263e+01 1.1942847e+01 1.2353467e+01 1.2787520e+01 1.3248770e+01 1.3742933e+01 1.4249673e+01 1.4804013e+01 1.5383884e+01 1.6000000e+01 1.5325429e+01 1.4596577e+01 1.3799704e+01 1.2932257e+01 1.1957138e+01 1.0865792e+01 9.6193752e+00 8.1741268e+00 6.4386700e+00 4.2858292e+00 1.3946284e+00 0.0000000e+00 0.0000000e+00
3.9542916e+00 4.1300864e+00 4.3198719e+00 4.4995199e+00 4.6885792e+00 4.8875871e+00 5.0897261e+00 5.2915707e+00 5.5059270e+00 5.7182140e+00 5.9308649e+00 6.1549227e+00 6.3934349e+00 6.6274172e+00 6.8690119e+00 7.1161950e+00 7.3775817e+00 7.6397189e+00 7.9187754e+00 8.1957263e+00 8.4926003e+00 8.7960923e+00 9.1104453e+00 9.4251316e+00 9.7683204e+00 1.0121959e+01 1.0480392e+01 1.0861692e+01 1.1268277e+01 1.1678896e+01 1.2112950e+01 1.2574200e+01 1.3068362e+01 1.3575103e+01 1.4129443e+01 1.4709313e+01 1.5325429e+01 1.6000000e+01 1.5271148e+01 1.4474275e+01 1.3606828e+01 1.2631709e+01 1.1540363e+01 1.0293946e+01 8.8486976e+00 7.1132407e+00 4.9603999e+00 2.0691992e+00 0.0000000e+00 0.0000000e+00
3.2254394e+00 3.4012343e+00 3.5910198e+00 3.7706678e+00 3.9597270e+00 4.1587350e+00 4.3608740e+00 4.5627185e+00 4.7770748e+00 4.9893618e+00 5.2020128e+00 5.4260706e+00 5.6645827e+00 5.8985650e+00 6.1401598e+00 6.3873429e+00 6.6487295e+00 6.9108667e+00 7.1899233e+00 7.4668742e+00 7.7637482e+00 8.0672401e+00 8.3815932e+00 8.6962794e+00 9.0394683e+00 9.3931070e+00 9.7515395e+00 1.0132840e+01 1.0539424e+01 1.0950044e+01 1.1384098e+01 1.1845347e+01 1.2339510e+01 1.2846250e+01 1.3400590e+01 1.3980461e+01 1.4596577e+01 1.5271148e+01 1.6000000e+01 1.5203127e+01 1.4335680e+01 1.3360561e+01 1.2269215e+01 1.1022798e+01 9.5775497e+00 7.8420929e+00 5.6892521e+00 2.7980513e+00 0.0000000e+00 0.0000000e+00
2.4285664e+00 2.6043613e+00 2.7941468e+00 2.9737948e+00 3.1628540e+00 3.3618620e+00 3.5640010e+00 3.7658455e+00 3.9802018e+00 4.1924888e+00 4.4051397e+00 4.6291975e+00 4.8677097e+00 5.1016920e+00 5.3432868e+00 5.5904699e+00 5.8518565e+00 6.1139937e+00 6.3930502e+00 6.6700011e+00 6.9668752e+00 7.2703671e+00 7.5847201e+00 7.8994064e+00 8.2425952e+00 8.5962339e+00 8.9546665e+00 9.3359670e+00 9.7425513e+00 1.0153171e+01 1.0587225e+01 1.1048474e+01 1.1542637e+01 1.2049377e+01 1.2603717e+01 1.3183588e+01 1.3799704e+01 1.4474275e+01 1.5203127e+01 1.6000000e+01 1.5132553e+01 1.4157434e+01 1.3066088e+01 1.1819671e+01 1.0374423e+01 8.6389659e+00 6.4861251e+00 3.5949243e+00 0.0000000e+00 0.0000000e+00
1.5611191e+00 1.7369140e+00 1.9266995e+00 2.1063475e+00 2.2954068e+00 2.4944147e+00 2.6965537e+00 2.8983983e+00 3.1127546e+00 3.3250415e+00 3.5376925e+00 3.7617503e+00 4.0002625e+00 4.2342447e+00 4.4758395e+00 4.7230226e+00 4.9844092e+00 5.2465464e+00 5.5256030e+00 5.8025539e+00 6.0994279e+00 6.4029198e+00 6.7172729e+00 7.0319592e+00 7.3751480e+00 7.7287867e+00 8.0872192e+00 8.4685197e+00 8.8751041e+00 9.2857239e+00 9.7197773e+00 1.0181027e+01 1.0675190e+01 1.1181930e+01 1.1736270e+01 1.2316141e+01 1.2932257e+01 1.3606828e+01 1.4335680e+01 1.5132553e+01 1.6000000e+01 1.5024881e+01 1.3933535e+01 1.2687118e+01 1.1241870e+01 9.5064131e+00 7.3535723e+00 4.4623716e+00 1.5121082e-01 0.0000000e+00
5.8600015e-01 7.6179502e-01 9.5158052e-01 1.1312285e+00 1.3202878e+00 1.5192957e+00 1.7214347e+00 1.9232793e+00 2.1376356e+00 2.3499226e+00 2.5625735e+00 2.7866313e+00 3.0251435e+00 3.2591257e+00 3.5007205e+00 3.7479036e+00 4.0092903e+00 4.2714274e+00 4.5504840e+00 4.8274349e+00 5.1243089e+00 5.4278008e+00 5.7421539e+00 6.0568402e+00 6.4000290e+00 6.7536677e+00 7.1121002e+00 7.4934007e+00 7.8999851e+00 8.3106049e+00 8.7446583e+00 9.2059081e+00 9.7000707e+00 1.0206811e+01 1.0761151e+01 1.1341022e+01 1.1957138e+01 1.2631709e+01 1.3360561e+01 1.4157434e+01 1.5024881e+01 1.6000000e+01 1.4908654e+01 1.3662237e+01 1.2216989e+01 1.0481532e+01 8.3286913e+00 5.4374906e+00 1.1263298e+00 0.0000000e+00
0.0000000e+00 0.0000000e+00 0.0000000e+00 3.9882485e-02 2.2894173e-01 4.2794968e-01 6.3008868e-01 8.3193322e-01 1.0462895e+00 1.2585765e+00 1.4712275e+00 1.6952853e+00 1.9337974e+00 2.1677797e+00 2.4093745e+00 2.6565576e+00 2.9179442e+00 3.1800814e+00 3.4591380e+00 3.7360889e+00 4.0329629e+00 4.3364548e+00 4.6508079e+00 4.9654941e+00 5.3086830e+00 5.6623217e+00 6.0207542e+00 6.4020547e+00 6.8086390e+00 7.2192588e+00 7.6533122e+00 8.1145620e+00 8.6087246e+00 9.1154651e+00 9.6698051e+00 1.0249676e+01 1.0865792e+01 1.1540363e+01 1.2269215e+01 1.3066088e+01 1.3933535e+01 1.4908654e+01 1.6000000e+01 1.4753583e+01 1.3308335e+01 1.1572878e+01 9.4200374e+00 6.5288366e+00 2.2176758e+00 0.0000000e+00
0.0000000e+00 0.0000000e+00 0.0000000e+00 0.0000000e+00 0.0000000e+00 0.0000000e+00 0.0000000e+00 0.0000000e+00 0.0000000e+00 1.2159933e-02 2.2481087e-01 4.4886868e-01 6.8738085e-01 9.2136312e-01 1.1629579e+00 1.4101410e+00 1.6715276e+00 1.9336648e+00 2.2127214e+00 2.4896723e+00 2.7865463e+00 3.0900382e+00 3.4043913e+00 3.7190775e+00 4.0622664e+00 4.4159051e+00 4.7743376e+00 5.1556381e+00 5.5622225e+00 5.9728423e+00 6.4068957e+00 6.8681455e+00 7.3623081e+00 7.8690485e+00 8.4233885e+00 9.0032589e+00 9.6193752e+00 1.0293946e+01 1.1022798e+01 1.1819671e+01 1.2687118e+01 1.3662237e+01 1.4753583e+01 1.6000000e+01 1.4554752e+01 1.2819295e+01 1.0666454e+01 7.7752532e+00 3.4640924e+00 0.0000000e+00
0.0000000e+00 0.0000000e+00 0.0000000e+00 0.0000000e+00 0.0000000e+00 0.0000000e+00 0.0000000e+00 0.0000000e+00 0.0000000e+00 0.0000000e+00 0.0000000e+00 0.0000000e+00 0.0000000e+00 0.0000000e+00 0.0000000e+00 0.0000000e+00 2.2627924e-01 4.8841644e-01 7.6747299e-01 1.0444239e+00 1.3412979e+00 1.6447898e+00 1.9591429e+00 2.2738292e+00 2.6170180e+00 2.9706567e+00 3.3290892e+00 3.7103897e+00 4.1169741e+00 4.5275939e+00 4.9616473e+00 5.4228971e+00 5.9170597e+00 6.4238001e+00 6.9781401e+00 7.5580106e+00 8.1741268e+00 8.8486976e+00 9.5775497e+00 1.0374423e+01 1.1241870e+01 1.2216989e+01 1.3308335e+01 1.4554752e+01 1.6000000e+01 1.4264543e+01 1.2111702e+01 9.2205016e+00 4.9093408e+00 0.0000000e+00
0.0000000e+00 0.0000000e+00 0.0000000e+00 0.0000000e+00 0.0000000e+00 0.0000000e+00 0.0000000e+00 0.0000000e+00 0.0000000e+00 0.0000000e+00 0.0000000e+00 0.0000000e+00 0.0000000e+00 0.0000000e+00 0.0000000e+00 0.0000000e+00 0.0000000e+00 0.0000000e+00 0.0000000e+00 0.0000000e+00 0.0000000e+00 0.0000000e+00 2.2368601e-01 5.3837229e-01 8.8156113e-01 1.2351998e+00 1.5936323e+00 1.9749328e+00 2.3815172e+00 2.7921370e+00 3.2261904e+00 3.6874402e+00 4.1816028e+00 4.6883432e+00 5.2426832e+00 5.8225537e+00 6.4386700e+00 7.1132407e+00 7.8420929e+00 8.6389659e+00 9.5064131e+00 1.0481532e+01 1.1572878e+01 1.2819295e+01 1.4264543e+01 1.6000000e+01 1.3847159e+01 1.0955958e+01 6.6447977e+00 0.0000000e+00
0.0000000e+00 0.0000000e+00 0.0000000e+00 0.0000000e+00 0.0000000e+00 0.0000000e+00 0.0000000e+00 0.0000000e+00 0.0000000e+00 0.0000000e+00 0.0000000e+00 0.0000000e+00 0.0000000e+00 0.0000000e+00 0.0000000e+00 0.0000000e+00 0.0000000e+00 0.0000000e+00 0.0000000e+00 0.0000000e+00 0.0000000e+00 0.0000000e+00 0.0000000e+00 0.0000000e+00 0.0000000e+00 0.0000000e+00 0.0000000e+00 0.0000000e+00 2.2867642e-01 6.3929622e-01 1.0733496e+00 1.5345994e+00 2.0287620e+00 2.5355025e+00 3.0898425e+00 3.6697129e+00 4.2858292e+00 4.9603999e+00 5.6892521e+00 6.4861251e+00 7.3535723e+00 8.3286913e+00 9.4200374e+00 1.0666454e+01 1.2111702e+01 1.3847159e+01 1.6000000e+01 1.3108799e+01 8.7976385e+00 0.0000000e+00
0.0000000e+00 0.0000000e+00 0.0000000e+00 0.0000000e+00 0.0000000e+00 0.0000000e+00 0.0000000e+00 0.0000000e+00 0.0000000e+00 0.0000000e+00 0.0000000e+00 0.0000000e+00 0.0000000e+00 0.0000000e+00 0.0000000e+00 0.0000000e+00 0.0000000e+00 0.0000000e+00 0.0000000e+00 0.0000000e+00 0.0000000e+00 0.0000000e+00 0.0000000e+00 0.0000000e+00 0.0000000e+00 0.0000000e+00 0.0000000e+00 0.0000000e+00 0.0000000e+00 0.0000000e+00 0.0000000e+00 0.0000000e+00 0.0000000e+00 0.0000000e+00 1.9864171e-01 7.7851215e-01 1.3946284e+00 2.0691992e+00 2.7980513e+00 3.5949243e+00 4.4623716e+00 5.4374906e+00 6.5288366e+00 7.7752532e+00 9.2205016e+00 1.0955958e+01 1.3108799e+01 1.6000000e+01 1.1688839e+01 2.8700219e+00
0.0000000e+00 0.0000000e+00 0.0000000e+00 0.0000000e+00 0.0000000e+00 0.0000000e+00 0.0000000e+00 0.0000000e+00 0.0000000e+00 0.0000000e+00 0.0000000e+00 0.0000000e+00 0.0000000e+00 0.0000000e+00 0.0000000e+00 0.0000000e+00 0.0000000e+00 0.0000000e+00 0.0000000e+00 0.0000000e+00 0.0000000e+00 0.0000000e+00 0.0000000e+00 0.0000000e+00 0.0000000e+00 0.0000000e+00 0.0000000e+00 0.0000000e+00 0.0000000e+00 0.0000000e+00 0.0000000e+00 0.0000000e+00 0.0000000e+00 0.0000000e+00 0.0000000e+00 0.0000000e+00 0.0000000e+00 0.0000000e+00 0.0000000e+00 0.0000000e+00 1.5121082e-01 1.1263298e+00 2.2176758e+00 3.4640924e+00 4.9093408e+00 6.6447977e+00 8.7976385e+00 1.1688839e+01 1.6000000e+01 7.1811826e+00
0.0000000e+00 0.0000000e+00 0.0000000e+00 0.0000000e+00 0.0000000e+00 0.0000000e+00 0.0000000e+00 0.0000000e+00 0.0000000e+00 0.0000000e+00 0.0000000e+00 0.0000000e+00 0.0000000e+00 0.0000000e+00 0.0000000e+00 0.0000000e+00 0.0000000e+00 0.0000000e+00 0.0000000e+00 0.0000000e+00 0.0000000e+00 0.0000000e+00 0.0000000e+00 0.0000000e+00 0.0000000e+00 0.0000000e+00 0.0000000e+00 0.0000000e+00 0.0000000e+00 0.0000000e+00 0.0000000e+00 0.0000000e+00 0.0000000e+00 0.0000000e+00 0.0000000e+00 0.0000000e+00 0.0000000e+00 0.0000000e+00 0.0000000e+00 0.0000000e+00 0.0000000e+00 0.0000000e+00 0.0000000e+00 0.0000000e+00 0.0000000e+00 0.0000000e+00 0.0000000e+00 2.8700219e+00 7.1811826e+00 1.6000000e+01
</Matrix>
</arts>
