<?xml version="1.0"?>
<arts version="1" format="ascii">
<Matrix ncols="50" nrows="50">
1.9634883e-04 1.8269981e-04 1.7861810e-04 1.7125019e-04 1.5698145e-04 1.4578474e-04 1.4278931e-04 1.0491451e-04 9.4993966e-05 8.4847069e-05 7.1809343e-05 6.8852640e-05 6.3637120e-05 5.3200621e-05 3.6777207e-05 5.5564916e-05 5.1853992e-05 4.8070076e-05 4.4853766e-05 4.0375369e-05 3.5732819e-05 3.2690759e-05 3.0652130e-05 1.3340744e-05 1.1396568e-05 8.0936553e-06 5.0405055e-06 6.8363419e-06 7.1982584e-06 4.2930212e-06 4.8063988e-06 3.1431341e-06 3.0677207e-06 2.7587293e-06 2.0884310e-06 2.6221151e-06 1.9161404e-06 9.7539515e-07 5.0623557e-07 2.1872252e-07 7.7742340e-08 1.2445210e-08 0.0000000e+00 0.0000000e+00 0.0000000e+00 0.0000000e+00 0.0000000e+00 0.0000000e+00 0.0000000e+00 0.0000000e+00
1.8269981e-04 1.7384828e-04 1.6998714e-04 1.6299666e-04 1.4943698e-04 1.3879939e-04 1.3596938e-04 9.9919716e-05 9.0486849e-05 8.0836677e-05 6.8428196e-05 6.5624163e-05 6.0666722e-05 5.0729083e-05 3.5077367e-05 5.3010716e-05 4.9483923e-05 4.5887192e-05 4.2830499e-05 3.8567769e-05 3.4146021e-05 3.1252061e-05 2.9316539e-05 1.2765948e-05 1.0911608e-05 7.7540572e-06 4.8323058e-06 6.5590805e-06 6.9125235e-06 4.1268672e-06 4.6257933e-06 3.0292948e-06 2.9616363e-06 2.6688809e-06 2.0256821e-06 2.5518882e-06 1.8732965e-06 9.5993242e-07 5.0326071e-07 2.2146126e-07 8.2060222e-08 1.5984268e-08 0.0000000e+00 0.0000000e+00 0.0000000e+00 0.0000000e+00 0.0000000e+00 0.0000000e+00 0.0000000e+00 0.0000000e+00
1.7861810e-04 1.6998714e-04 1.7019959e-04 1.6322256e-04 1.4966621e-04 1.3903406e-04 1.3622193e-04 1.0012202e-04 9.0685974e-05 8.1030389e-05 6.8605624e-05 6.5808239e-05 6.0850879e-05 5.0895187e-05 3.5201232e-05 5.3212382e-05 4.9686168e-05 4.6089442e-05 4.3033282e-05 3.8764464e-05 3.4333536e-05 3.1437102e-05 2.9503924e-05 1.2854239e-05 1.0993326e-05 7.8170825e-06 4.8749706e-06 6.6222512e-06 6.9854729e-06 4.1747889e-06 4.6850641e-06 3.0724800e-06 3.0089949e-06 2.7172255e-06 2.0677438e-06 2.6135721e-06 1.9271615e-06 9.9393340e-07 5.2614465e-07 2.3552136e-07 9.0525888e-08 2.0292683e-08 0.0000000e+00 0.0000000e+00 0.0000000e+00 0.0000000e+00 0.0000000e+00 0.0000000e+00 0.0000000e+00 0.0000000e+00
1.7125019e-04 1.6299666e-04 1.6322256e-04 1.6011856e-04 1.4684029e-04 1.3642882e-04 1.3369014e-04 9.8276479e-05 8.9028940e-05 7.9564268e-05 6.7376621e-05 6.4642082e-05 5.9785365e-05 5.0015077e-05 3.4600750e-05 5.2317888e-05 4.8863740e-05 4.5339983e-05 4.2346310e-05 3.8158508e-05 3.3809045e-05 3.0969101e-05 2.9077291e-05 1.2674465e-05 1.0845274e-05 7.7163177e-06 4.8152133e-06 6.5458588e-06 6.9106825e-06 4.1340583e-06 4.6443929e-06 3.0497662e-06 2.9913974e-06 2.7064516e-06 2.0643820e-06 2.6171379e-06 1.9374795e-06 1.0049609e-06 5.3646368e-07 2.4364154e-07 9.6455446e-08 2.3833356e-08 0.0000000e+00 0.0000000e+00 0.0000000e+00 0.0000000e+00 0.0000000e+00 0.0000000e+00 0.0000000e+00 0.0000000e+00
1.5698145e-04 1.4943698e-04 1.4966621e-04 1.4684029e-04 1.3794624e-04 1.2818482e-04 1.2563187e-04 9.2367716e-05 8.3690380e-05 7.4807367e-05 6.3360376e-05 6.0801246e-05 5.6245563e-05 4.7064547e-05 3.2567576e-05 4.9256517e-05 4.6016936e-05 4.2711543e-05 3.9903860e-05 3.5970114e-05 3.1881954e-05 2.9215780e-05 2.7443302e-05 1.1968150e-05 1.0246423e-05 7.2946152e-06 4.5550462e-06 6.1968177e-06 6.5477944e-06 3.9208106e-06 4.4096881e-06 2.8994666e-06 2.8484536e-06 2.5820487e-06 1.9741383e-06 2.5102200e-06 1.8656739e-06 9.7314602e-07 5.2372120e-07 2.4113962e-07 9.8062460e-08 2.6216246e-08 9.2550767e-10 0.0000000e+00 0.0000000e+00 0.0000000e+00 0.0000000e+00 0.0000000e+00 0.0000000e+00 0.0000000e+00
1.4578474e-04 1.3879939e-04 1.3903406e-04 1.3642882e-04 1.2818482e-04 1.2211388e-04 1.1970125e-04 8.8021692e-05 7.9766262e-05 7.1313298e-05 6.0412470e-05 5.7984300e-05 5.3651630e-05 4.4904362e-05 3.1080463e-05 4.7019683e-05 4.3939137e-05 4.0795505e-05 3.8125680e-05 3.4379200e-05 3.0483197e-05 2.7945369e-05 2.6261649e-05 1.1458484e-05 9.8153538e-06 6.9919042e-06 4.3688709e-06 5.9479550e-06 6.2901756e-06 3.7701994e-06 4.2449245e-06 2.7947588e-06 2.7498356e-06 2.4973168e-06 1.9137461e-06 2.4404888e-06 1.8207527e-06 9.5479894e-07 5.1779556e-07 2.4144512e-07 1.0055277e-07 2.8642980e-08 2.3965002e-09 0.0000000e+00 0.0000000e+00 0.0000000e+00 0.0000000e+00 0.0000000e+00 0.0000000e+00 0.0000000e+00
1.4278931e-04 1.3596938e-04 1.3622193e-04 1.3369014e-04 1.2563187e-04 1.1970125e-04 1.2039819e-04 8.8548714e-05 8.0257689e-05 7.1766388e-05 6.0807974e-05 5.8375974e-05 5.4026155e-05 4.5228309e-05 3.1312474e-05 4.7383185e-05 4.4290903e-05 4.1134780e-05 3.8454810e-05 3.4688109e-05 3.0768580e-05 2.8218500e-05 2.6530142e-05 1.1581352e-05 9.9259350e-06 7.0748922e-06 4.4236016e-06 6.0269212e-06 6.3790664e-06 3.8271548e-06 4.3137065e-06 2.8436889e-06 2.8022423e-06 2.5495835e-06 1.9581907e-06 2.5042126e-06 1.8751653e-06 9.8837250e-07 5.3989574e-07 2.5471886e-07 1.0836681e-07 3.2530216e-08 3.9483513e-09 0.0000000e+00 0.0000000e+00 0.0000000e+00 0.0000000e+00 0.0000000e+00 0.0000000e+00 0.0000000e+00
1.0491451e-04 9.9919716e-05 1.0012202e-04 9.8276479e-05 9.2367716e-05 8.8021692e-05 8.8548714e-05 6.6784150e-05 6.0540928e-05 5.4145537e-05 4.5886130e-05 4.4059588e-05 4.0785235e-05 3.4151119e-05 2.3649101e-05 3.5795656e-05 3.3468250e-05 3.1092424e-05 2.9075365e-05 2.6236076e-05 2.3279793e-05 2.1358615e-05 2.0089151e-05 8.7737209e-06 7.5234332e-06 5.3654773e-06 3.3568374e-06 4.5766900e-06 4.8479371e-06 2.9111648e-06 3.2845787e-06 2.1678577e-06 2.1392885e-06 1.9497165e-06 1.5005749e-06 1.9239706e-06 1.4455156e-06 7.6544605e-07 4.2084001e-07 2.0060630e-07 8.6910990e-08 2.7203306e-08 4.0821585e-09 0.0000000e+00 0.0000000e+00 0.0000000e+00 0.0000000e+00 0.0000000e+00 0.0000000e+00 0.0000000e+00
9.4993966e-05 9.0486849e-05 9.0685974e-05 8.9028940e-05 8.3690380e-05 7.9766262e-05 8.0257689e-05 6.0540928e-05 5.6313162e-05 5.0373536e-05 4.2697287e-05 4.1005714e-05 3.7966378e-05 3.1797750e-05 2.2024611e-05 3.3345113e-05 3.1185063e-05 2.8979730e-05 2.7107728e-05 2.4468622e-05 2.1719103e-05 1.9934341e-05 1.8757348e-05 8.1958510e-06 7.0314331e-06 5.0173797e-06 3.1409500e-06 4.2852814e-06 4.5427938e-06 2.7303395e-06 3.0836074e-06 2.0375970e-06 2.0135234e-06 1.8381331e-06 1.4175404e-06 1.8220513e-06 1.3733488e-06 7.3044132e-07 4.0404997e-07 1.9444970e-07 8.5634970e-08 2.7775851e-08 4.8211463e-09 0.0000000e+00 0.0000000e+00 0.0000000e+00 0.0000000e+00 0.0000000e+00 0.0000000e+00 0.0000000e+00
8.4847069e-05 8.0836677e-05 8.1030389e-05 7.9564268e-05 7.4807367e-05 7.1313298e-05 7.1766388e-05 5.4145537e-05 5.0373536e-05 4.6332913e-05 3.9279923e-05 3.7731509e-05 3.4942656e-05 2.9272055e-05 2.0280206e-05 3.0712127e-05 2.8730392e-05 2.6706777e-05 2.4989328e-05 2.2564221e-05 2.0036041e-05 1.8396936e-05 1.7318257e-05 7.5706984e-06 6.4984919e-06 4.6397708e-06 2.9063857e-06 3.9680790e-06 4.2099297e-06 2.5325963e-06 2.8632049e-06 1.8942431e-06 1.8745248e-06 1.7141467e-06 1.3246398e-06 1.7069705e-06 1.2907971e-06 6.8957595e-07 3.8376123e-07 1.8641734e-07 8.3389603e-08 2.7935527e-08 5.4246282e-09 0.0000000e+00 0.0000000e+00 0.0000000e+00 0.0000000e+00 0.0000000e+00 0.0000000e+00 0.0000000e+00
7.1809343e-05 6.8428196e-05 6.8605624e-05 6.7376621e-05 6.3360376e-05 6.0412470e-05 6.0807974e-05 4.5886130e-05 4.2697287e-05 3.9279923e-05 3.4216303e-05 3.2873913e-05 3.0450538e-05 2.5514496e-05 1.7681033e-05 2.6782593e-05 2.5060808e-05 2.3302362e-05 2.1810210e-05 1.9700015e-05 1.7498799e-05 1.6073311e-05 1.5137081e-05 6.6201927e-06 5.6853921e-06 4.0614380e-06 2.5456121e-06 3.4778302e-06 3.6925890e-06 2.2232748e-06 2.5158997e-06 1.6663409e-06 1.6511692e-06 1.5122702e-06 1.1708476e-06 1.5123081e-06 1.1469909e-06 6.1520850e-07 3.4423776e-07 1.6860287e-07 7.6444222e-08 2.6301340e-08 5.5420576e-09 2.5605160e-10 0.0000000e+00 0.0000000e+00 0.0000000e+00 0.0000000e+00 0.0000000e+00 0.0000000e+00
6.8852640e-05 6.5624163e-05 6.5808239e-05 6.4642082e-05 6.0801246e-05 5.7984300e-05 5.8375974e-05 4.4059588e-05 4.1005714e-05 3.7731509e-05 3.2873913e-05 3.2493377e-05 3.0104525e-05 2.5230165e-05 1.7488149e-05 2.6497075e-05 2.4800066e-05 2.3066644e-05 2.1595978e-05 1.9512926e-05 1.7338680e-05 1.5932305e-05 1.5010508e-05 6.5678404e-06 5.6432263e-06 4.0335200e-06 2.5296127e-06 3.4582858e-06 3.6746240e-06 2.2143542e-06 2.5081949e-06 1.6631002e-06 1.6501226e-06 1.5136675e-06 1.1741251e-06 1.5200283e-06 1.1562030e-06 6.2257168e-07 3.5018699e-07 1.7286859e-07 7.9369421e-08 2.7969399e-08 6.2979685e-09 8.4330729e-10 0.0000000e+00 0.0000000e+00 0.0000000e+00 0.0000000e+00 0.0000000e+00 0.0000000e+00
6.3637120e-05 6.0666722e-05 6.0850879e-05 5.9785365e-05 5.6245563e-05 5.3651630e-05 5.4026155e-05 4.0785235e-05 3.7966378e-05 3.4942656e-05 3.0450538e-05 3.0104525e-05 2.8736639e-05 2.4089212e-05 1.6701351e-05 2.5311447e-05 2.3696626e-05 2.2046884e-05 2.0647458e-05 1.8662141e-05 1.6588597e-05 1.5248966e-05 1.4372753e-05 6.2917113e-06 5.4086849e-06 3.8680205e-06 2.4272747e-06 3.3206220e-06 3.5310491e-06 2.1296712e-06 2.4145874e-06 1.6028326e-06 1.5924158e-06 1.4630048e-06 1.1369412e-06 1.4752410e-06 1.1253548e-06 6.0827697e-07 3.4388862e-07 1.7104026e-07 7.9461675e-08 2.8616091e-08 6.8101370e-09 1.3803434e-09 0.0000000e+00 0.0000000e+00 0.0000000e+00 0.0000000e+00 0.0000000e+00 0.0000000e+00
5.3200621e-05 5.0729083e-05 5.0895187e-05 5.0015077e-05 4.7064547e-05 4.4904362e-05 4.5228309e-05 3.4151119e-05 3.1797750e-05 2.9272055e-05 2.5514496e-05 2.5230165e-05 2.4089212e-05 2.0805705e-05 1.4428247e-05 2.1871921e-05 2.0481777e-05 1.9061341e-05 1.7856635e-05 1.6144893e-05 1.4355980e-05 1.3201586e-05 1.2448076e-05 5.4516201e-06 4.6887670e-06 3.3549586e-06 2.1065306e-06 2.8837021e-06 3.0686934e-06 1.8523418e-06 2.1020808e-06 1.3968842e-06 1.3895423e-06 1.2785031e-06 9.9531102e-07 1.2942390e-06 9.8993676e-07 5.3698556e-07 3.0501159e-07 1.5274811e-07 7.1717383e-08 2.6318298e-08 6.5501145e-09 1.6744603e-09 0.0000000e+00 0.0000000e+00 0.0000000e+00 0.0000000e+00 0.0000000e+00 0.0000000e+00
3.6777207e-05 3.5077367e-05 3.5201232e-05 3.4600750e-05 3.2567576e-05 3.1080463e-05 3.1312474e-05 2.3649101e-05 2.2024611e-05 2.0280206e-05 1.7681033e-05 1.7488149e-05 1.6701351e-05 1.4428247e-05 1.0320817e-05 1.5649341e-05 1.4658468e-05 1.3645837e-05 1.2787150e-05 1.1565130e-05 1.0287224e-05 9.4635580e-06 8.9270392e-06 3.9113395e-06 3.3656487e-06 2.4095088e-06 1.5137671e-06 2.0735900e-06 2.2082249e-06 1.3340360e-06 1.5152720e-06 1.0080051e-06 1.0039465e-06 9.2506420e-07 7.2140633e-07 9.4003947e-07 7.2089947e-07 3.9239474e-07 2.2388881e-07 1.1285456e-07 5.3511877e-08 1.9975859e-08 5.1655876e-09 1.5448203e-09 0.0000000e+00 0.0000000e+00 0.0000000e+00 0.0000000e+00 0.0000000e+00 0.0000000e+00
5.5564916e-05 5.3010716e-05 5.3212382e-05 5.2317888e-05 4.9256517e-05 4.7019683e-05 4.7383185e-05 3.5795656e-05 3.3345113e-05 3.0712127e-05 2.6782593e-05 2.6497075e-05 2.5311447e-05 2.1871921e-05 1.5649341e-05 2.4494595e-05 2.2949522e-05 2.1370266e-05 2.0031325e-05 1.8122840e-05 1.6125840e-05 1.4840198e-05 1.4004493e-05 6.1387177e-06 5.2847954e-06 3.7854340e-06 2.3795353e-06 3.2616122e-06 3.4758750e-06 2.1015409e-06 2.3891701e-06 1.5909975e-06 1.5864994e-06 1.4639104e-06 1.1435363e-06 1.4931195e-06 1.1479260e-06 6.2688529e-07 3.5921121e-07 1.8217407e-07 8.7170339e-08 3.3044398e-08 8.8289027e-09 2.9563119e-09 0.0000000e+00 0.0000000e+00 0.0000000e+00 0.0000000e+00 0.0000000e+00 0.0000000e+00
5.1853992e-05 4.9483923e-05 4.9686168e-05 4.8863740e-05 4.6016936e-05 4.3939137e-05 4.4290903e-05 3.3468250e-05 3.1185063e-05 2.8730392e-05 2.5060808e-05 2.4800066e-05 2.3696626e-05 2.0481777e-05 1.4658468e-05 2.2949522e-05 2.2193239e-05 2.0671750e-05 1.9382005e-05 1.7540826e-05 1.5613097e-05 1.4373463e-05 1.3569291e-05 5.9504816e-06 5.1250914e-06 3.6728871e-06 2.3100410e-06 3.1682855e-06 3.3787321e-06 2.0443767e-06 2.3261520e-06 1.5505602e-06 1.5479428e-06 1.4302434e-06 1.1190044e-06 1.4638695e-06 1.1280872e-06 6.1793677e-07 3.5548219e-07 1.8129222e-07 8.7463031e-08 3.3607386e-08 9.2301129e-09 3.3607724e-09 4.8565114e-11 0.0000000e+00 0.0000000e+00 0.0000000e+00 0.0000000e+00 0.0000000e+00
4.8070076e-05 4.5887192e-05 4.6089442e-05 4.5339983e-05 4.2711543e-05 4.0795505e-05 4.1134780e-05 3.1092424e-05 2.8979730e-05 2.6706777e-05 2.3302362e-05 2.3066644e-05 2.2046884e-05 1.9061341e-05 1.3645837e-05 2.1370266e-05 2.0671750e-05 1.9929056e-05 1.8691154e-05 1.6921117e-05 1.5066699e-05 1.3875645e-05 1.3104639e-05 5.7492805e-06 4.9541740e-06 3.5522673e-06 2.2354442e-06 3.0679224e-06 3.2740394e-06 1.9826133e-06 2.2578615e-06 1.5065783e-06 1.5058125e-06 1.3932366e-06 1.0918245e-06 1.4311005e-06 1.1054845e-06 6.0743717e-07 3.5083347e-07 1.7992165e-07 8.7506070e-08 3.4065744e-08 9.5978249e-09 3.7480460e-09 2.3420227e-10 0.0000000e+00 0.0000000e+00 0.0000000e+00 0.0000000e+00 0.0000000e+00
4.4853766e-05 4.2830499e-05 4.3033282e-05 4.2346310e-05 3.9903860e-05 3.8125680e-05 3.8454810e-05 2.9075365e-05 2.7107728e-05 2.4989328e-05 2.1810210e-05 2.1595978e-05 2.0647458e-05 1.7856635e-05 1.2787150e-05 2.0031325e-05 1.9382005e-05 1.8691154e-05 1.8129862e-05 1.6418031e-05 1.4623513e-05 1.3472250e-05 1.2728522e-05 5.5866116e-06 4.8161728e-06 3.4550235e-06 2.1754052e-06 2.9873032e-06 3.1901352e-06 1.9332476e-06 2.2034508e-06 1.4716727e-06 1.4725403e-06 1.3641951e-06 1.0706741e-06 1.4059010e-06 1.0884124e-06 5.9975231e-07 3.4764515e-07 1.7918167e-07 8.7772929e-08 3.4559664e-08 9.9476952e-09 4.0998951e-09 3.9877287e-10 0.0000000e+00 0.0000000e+00 0.0000000e+00 0.0000000e+00 0.0000000e+00
4.0375369e-05 3.8567769e-05 3.8764464e-05 3.8158508e-05 3.5970114e-05 3.4379200e-05 3.4688109e-05 2.6236076e-05 2.4468622e-05 2.2564221e-05 1.9700015e-05 1.9512926e-05 1.8662141e-05 1.6144893e-05 1.1565130e-05 1.8122840e-05 1.7540826e-05 1.6921117e-05 1.6418031e-05 1.5412109e-05 1.3732153e-05 1.2655668e-05 1.1961723e-05 5.2523248e-06 4.5300858e-06 3.2514397e-06 2.0483385e-06 2.8145297e-06 3.0076871e-06 1.8240736e-06 2.0807603e-06 1.3910763e-06 1.3934502e-06 1.2925988e-06 1.0160254e-06 1.3365589e-06 1.0370186e-06 5.7305060e-07 3.3335700e-07 1.7266590e-07 8.5172346e-08 3.3900987e-08 9.9532103e-09 4.2972322e-09 5.4041347e-10 0.0000000e+00 0.0000000e+00 0.0000000e+00 0.0000000e+00 0.0000000e+00
3.5732819e-05 3.4146021e-05 3.4333536e-05 3.3809045e-05 3.1881954e-05 3.0483197e-05 3.0768580e-05 2.3279793e-05 2.1719103e-05 2.0036041e-05 1.7498799e-05 1.7338680e-05 1.6588597e-05 1.4355980e-05 1.0287224e-05 1.6125840e-05 1.5613097e-05 1.5066699e-05 1.4623513e-05 1.3732153e-05 1.2692794e-05 1.1701973e-05 1.1064600e-05 4.8604612e-06 4.1940136e-06 3.0117235e-06 1.8983362e-06 2.6099753e-06 2.7909585e-06 1.6938944e-06 1.9338392e-06 1.2940725e-06 1.2976848e-06 1.2052760e-06 9.4877758e-07 1.2502714e-06 9.7212586e-07 5.3864169e-07 3.1440377e-07 1.6360471e-07 8.1226661e-08 3.2652007e-08 9.7563978e-09 4.3787747e-09 6.5044912e-10 0.0000000e+00 0.0000000e+00 0.0000000e+00 0.0000000e+00 0.0000000e+00
3.2690759e-05 3.1252061e-05 3.1437102e-05 3.0969101e-05 2.9215780e-05 2.7945369e-05 2.8218500e-05 2.1358615e-05 1.9934341e-05 1.8396936e-05 1.6073311e-05 1.5932305e-05 1.5248966e-05 1.3201586e-05 9.4635580e-06 1.4840198e-05 1.4373463e-05 1.3875645e-05 1.3472250e-05 1.2655668e-05 1.1701973e-05 1.1209320e-05 1.0602891e-05 4.6596191e-06 4.0225414e-06 2.8900266e-06 1.8226013e-06 2.5073423e-06 2.6829950e-06 1.6295759e-06 1.8619191e-06 1.2471113e-06 1.2519337e-06 1.1642251e-06 9.1778838e-07 1.2115051e-06 9.4393748e-07 5.2439790e-07 3.0709493e-07 1.6051362e-07 8.0183441e-08 3.2532240e-08 9.8773547e-09 4.5840211e-09 7.6795741e-10 0.0000000e+00 0.0000000e+00 0.0000000e+00 0.0000000e+00 0.0000000e+00
3.0652130e-05 2.9316539e-05 2.9503924e-05 2.9077291e-05 2.7443302e-05 2.6261649e-05 2.6530142e-05 2.0089151e-05 1.8757348e-05 1.7318257e-05 1.5137081e-05 1.5010508e-05 1.4372753e-05 1.2448076e-05 8.9270392e-06 1.4004493e-05 1.3569291e-05 1.3104639e-05 1.2728522e-05 1.1961723e-05 1.1064600e-05 1.0602891e-05 1.0435924e-05 4.5881856e-06 3.9626728e-06 2.8484245e-06 1.7973191e-06 2.4740260e-06 2.6490954e-06 1.6101683e-06 1.8412214e-06 1.2343880e-06 1.2404714e-06 1.1549734e-06 9.1178698e-07 1.2055981e-06 9.4123335e-07 5.2422886e-07 3.0796807e-07 1.6165647e-07 8.1225950e-08 3.3240947e-08 1.0240647e-08 4.8930109e-09 8.9798298e-10 6.9211320e-12 0.0000000e+00 0.0000000e+00 0.0000000e+00 0.0000000e+00
1.3340744e-05 1.2765948e-05 1.2854239e-05 1.2674465e-05 1.1968150e-05 1.1458484e-05 1.1581352e-05 8.7737209e-06 8.1958510e-06 7.5706984e-06 6.6201927e-06 6.5678404e-06 6.2917113e-06 5.4516201e-06 3.9113395e-06 6.1387177e-06 5.9504816e-06 5.7492805e-06 5.5866116e-06 5.2523248e-06 4.8604612e-06 4.6596191e-06 4.5881856e-06 2.1032232e-06 1.8173189e-06 1.3069657e-06 8.2511882e-07 1.1364588e-06 1.2176851e-06 7.4067560e-07 8.4763970e-07 5.6879723e-07 5.7220252e-07 5.3341029e-07 4.2168996e-07 5.5849644e-07 4.3689641e-07 2.4394175e-07 1.4375045e-07 7.5767840e-08 3.8283317e-08 1.5795379e-08 4.9320667e-09 2.4181441e-09 4.7713456e-10 5.2204202e-11 0.0000000e+00 0.0000000e+00 0.0000000e+00 0.0000000e+00
1.1396568e-05 1.0911608e-05 1.0993326e-05 1.0845274e-05 1.0246423e-05 9.8153538e-06 9.9259350e-06 7.5234332e-06 7.0314331e-06 6.4984919e-06 5.6853921e-06 5.6432263e-06 5.4086849e-06 4.6887670e-06 3.3656487e-06 5.2847954e-06 5.1250914e-06 4.9541740e-06 4.8161728e-06 4.5300858e-06 4.1940136e-06 4.0225414e-06 3.9626728e-06 1.8173189e-06 1.6390594e-06 1.1793441e-06 7.4493864e-07 1.0266228e-06 1.1007133e-06 6.7000760e-07 7.6736747e-07 5.1539490e-07 5.1901196e-07 4.8439552e-07 3.8346281e-07 5.0867884e-07 3.9868730e-07 2.2314056e-07 1.3187931e-07 6.9782129e-08 3.5443752e-08 1.4734520e-08 4.6572555e-09 2.3354226e-09 4.8825985e-10 9.0570321e-11 0.0000000e+00 0.0000000e+00 0.0000000e+00 0.0000000e+00
8.0936553e-06 7.7540572e-06 7.8170825e-06 7.7163177e-06 7.2946152e-06 6.9919042e-06 7.0748922e-06 5.3654773e-06 5.0173797e-06 4.6397708e-06 4.0614380e-06 4.0335200e-06 3.8680205e-06 3.3549586e-06 2.4095088e-06 3.7854340e-06 3.6728871e-06 3.5522673e-06 3.4550235e-06 3.2514397e-06 3.0117235e-06 2.8900266e-06 2.8484245e-06 1.3069657e-06 1.1793441e-06 8.8737918e-07 5.6081057e-07 7.7331916e-07 8.2966477e-07 5.0538056e-07 5.7926839e-07 3.8940659e-07 3.9253675e-07 3.6678127e-07 2.9074477e-07 3.8628898e-07 3.0332831e-07 1.7016482e-07 1.0085616e-07 5.3566968e-08 2.7343682e-08 1.1448198e-08 3.6595020e-09 1.8724007e-09 4.1070658e-10 1.0077305e-10 0.0000000e+00 0.0000000e+00 0.0000000e+00 0.0000000e+00
5.0405055e-06 4.8323058e-06 4.8749706e-06 4.8152133e-06 4.5550462e-06 4.3688709e-06 4.4236016e-06 3.3568374e-06 3.1409500e-06 2.9063857e-06 2.5456121e-06 2.5296127e-06 2.4272747e-06 2.1065306e-06 1.5137671e-06 2.3795353e-06 2.3100410e-06 2.2354442e-06 2.1754052e-06 2.0483385e-06 1.8983362e-06 1.8226013e-06 1.7973191e-06 8.2511882e-07 7.4493864e-07 5.6081057e-07 3.7099222e-07 5.1186246e-07 5.4950343e-07 3.3495631e-07 3.8421772e-07 2.5850909e-07 2.6084256e-07 2.4400126e-07 1.9366767e-07 2.5769782e-07 2.0271630e-07 1.1397489e-07 6.7734974e-08 3.6102833e-08 1.8515023e-08 7.8028517e-09 2.5198680e-09 1.3123738e-09 2.9953221e-10 8.7698338e-11 0.0000000e+00 0.0000000e+00 0.0000000e+00 0.0000000e+00
6.8363419e-06 6.5590805e-06 6.6222512e-06 6.5458588e-06 6.1968177e-06 5.9479550e-06 6.0269212e-06 4.5766900e-06 4.2852814e-06 3.9680790e-06 3.4778302e-06 3.4582858e-06 3.3206220e-06 2.8837021e-06 2.0735900e-06 3.2616122e-06 3.1682855e-06 3.0679224e-06 2.9873032e-06 2.8145297e-06 2.6099753e-06 2.5073423e-06 2.4740260e-06 1.1364588e-06 1.0266228e-06 7.7331916e-07 5.1186246e-07 7.4124715e-07 7.9626173e-07 4.8571079e-07 5.5756677e-07 3.7546715e-07 3.7922878e-07 3.5514191e-07 2.8224497e-07 3.7612305e-07 2.9640054e-07 1.6701353e-07 9.9519226e-08 5.3227255e-08 2.7420672e-08 1.1628899e-08 3.7918437e-09 2.0072544e-09 4.7423552e-10 1.5769393e-10 0.0000000e+00 0.0000000e+00 0.0000000e+00 0.0000000e+00
7.1982584e-06 6.9125235e-06 6.9854729e-06 6.9106825e-06 6.5477944e-06 6.2901756e-06 6.3790664e-06 4.8479371e-06 4.5427938e-06 4.2099297e-06 3.6925890e-06 3.6746240e-06 3.5310491e-06 3.0686934e-06 2.2082249e-06 3.4758750e-06 3.3787321e-06 3.2740394e-06 3.1901352e-06 3.0076871e-06 2.7909585e-06 2.6829950e-06 2.6490954e-06 1.2176851e-06 1.1007133e-06 8.2966477e-07 5.4950343e-07 7.9626173e-07 9.0024736e-07 5.4952689e-07 6.3130409e-07 4.2549103e-07 4.3017561e-07 4.0330319e-07 3.2093108e-07 4.2831165e-07 3.3811991e-07 1.9093275e-07 1.1406792e-07 6.1213838e-08 3.1672895e-08 1.3513215e-08 4.4464230e-09 2.3892058e-09 5.8179746e-10 2.1304030e-10 0.0000000e+00 0.0000000e+00 0.0000000e+00 0.0000000e+00
4.2930212e-06 4.1268672e-06 4.1747889e-06 4.1340583e-06 3.9208106e-06 3.7701994e-06 3.8271548e-06 2.9111648e-06 2.7303395e-06 2.5325963e-06 2.2232748e-06 2.2143542e-06 2.1296712e-06 1.8523418e-06 1.3340360e-06 2.1015409e-06 2.0443767e-06 1.9826133e-06 1.9332476e-06 1.8240736e-06 1.6938944e-06 1.6295759e-06 1.6101683e-06 7.4067560e-07 6.7000760e-07 5.0538056e-07 3.3495631e-07 4.8571079e-07 5.4952689e-07 3.5388022e-07 4.0684920e-07 2.7444667e-07 2.7773718e-07 2.6067418e-07 2.0769428e-07 2.7759037e-07 2.1951273e-07 1.2421714e-07 7.4397328e-08 4.0054268e-08 2.0811228e-08 8.9297447e-09 2.9632343e-09 1.6140775e-09 4.0355920e-10 1.5930419e-10 1.3188820e-11 0.0000000e+00 0.0000000e+00 0.0000000e+00
4.8063988e-06 4.6257933e-06 4.6850641e-06 4.6443929e-06 4.4096881e-06 4.2449245e-06 4.3137065e-06 3.2845787e-06 3.0836074e-06 2.8632049e-06 2.5158997e-06 2.5081949e-06 2.4145874e-06 2.1020808e-06 1.5152720e-06 2.3891701e-06 2.3261520e-06 2.2578615e-06 2.2034508e-06 2.0807603e-06 1.9338392e-06 1.8619191e-06 1.8412214e-06 8.4763970e-07 7.6736747e-07 5.7926839e-07 3.8421772e-07 5.5756677e-07 6.3130409e-07 4.0684920e-07 4.9411384e-07 3.3358968e-07 3.3790570e-07 3.1748339e-07 2.5326413e-07 3.3896920e-07 2.6849012e-07 1.5223698e-07 9.1397338e-08 4.9357374e-08 2.5745334e-08 1.1105392e-08 3.7138748e-09 2.0478211e-09 5.2381760e-10 2.1939236e-10 3.3810180e-11 0.0000000e+00 0.0000000e+00 0.0000000e+00
3.1431341e-06 3.0292948e-06 3.0724800e-06 3.0497662e-06 2.8994666e-06 2.7947588e-06 2.8436889e-06 2.1678577e-06 2.0375970e-06 1.8942431e-06 1.6663409e-06 1.6631002e-06 1.6028326e-06 1.3968842e-06 1.0080051e-06 1.5909975e-06 1.5505602e-06 1.5065783e-06 1.4716727e-06 1.3910763e-06 1.2940725e-06 1.2471113e-06 1.2343880e-06 5.6879723e-07 5.1539490e-07 3.8940659e-07 2.5850909e-07 3.7546715e-07 4.2549103e-07 2.7444667e-07 3.3358968e-07 2.3888313e-07 2.4220338e-07 2.2780950e-07 1.8195113e-07 2.4386593e-07 1.9347883e-07 1.0992438e-07 6.6151368e-08 3.5831863e-08 1.8762155e-08 8.1348633e-09 2.7408012e-09 1.5287679e-09 3.9925717e-10 1.7579335e-10 3.7109637e-11 0.0000000e+00 0.0000000e+00 0.0000000e+00
3.0677207e-06 2.9616363e-06 3.0089949e-06 2.9913974e-06 2.8484536e-06 2.7498356e-06 2.8022423e-06 2.1392885e-06 2.0135234e-06 1.8745248e-06 1.6511692e-06 1.6501226e-06 1.5924158e-06 1.3895423e-06 1.0039465e-06 1.5864994e-06 1.5479428e-06 1.5058125e-06 1.4725403e-06 1.3934502e-06 1.2976848e-06 1.2519337e-06 1.2404714e-06 5.7220252e-07 5.1901196e-07 3.9253675e-07 2.6084256e-07 3.7922878e-07 4.3017561e-07 2.7773718e-07 3.3790570e-07 2.4220338e-07 2.6138586e-07 2.4611447e-07 1.9680949e-07 2.6414702e-07 2.0990970e-07 1.1949418e-07 7.2077692e-08 3.9156914e-08 2.0579425e-08 8.9668473e-09 3.0424833e-09 1.7152931e-09 4.5643666e-10 2.0962664e-10 5.3877387e-11 0.0000000e+00 0.0000000e+00 0.0000000e+00
2.7587293e-06 2.6688809e-06 2.7172255e-06 2.7064516e-06 2.5820487e-06 2.4973168e-06 2.5495835e-06 1.9497165e-06 1.8381331e-06 1.7141467e-06 1.5122702e-06 1.5136675e-06 1.4630048e-06 1.2785031e-06 9.2506420e-07 1.4639104e-06 1.4302434e-06 1.3932366e-06 1.3641951e-06 1.2925988e-06 1.2052760e-06 1.1642251e-06 1.1549734e-06 5.3341029e-07 4.8439552e-07 3.6678127e-07 2.4400126e-07 3.5514191e-07 4.0330319e-07 2.6067418e-07 3.1748339e-07 2.2780950e-07 2.4611447e-07 2.4759032e-07 1.9822746e-07 2.6641574e-07 2.1205132e-07 1.2094659e-07 7.3119749e-08 3.9836815e-08 2.1011971e-08 9.1986315e-09 3.1420360e-09 1.7891513e-09 4.8422743e-10 2.3055655e-10 6.7961854e-11 0.0000000e+00 0.0000000e+00 0.0000000e+00
2.0884310e-06 2.0256821e-06 2.0677438e-06 2.0643820e-06 1.9741383e-06 1.9137461e-06 1.9581907e-06 1.5005749e-06 1.4175404e-06 1.3246398e-06 1.1708476e-06 1.1741251e-06 1.1369412e-06 9.9531102e-07 7.2140633e-07 1.1435363e-06 1.1190044e-06 1.0918245e-06 1.0706741e-06 1.0160254e-06 9.4877758e-07 9.1778838e-07 9.1178698e-07 4.2168996e-07 3.8346281e-07 2.9074477e-07 1.9366767e-07 2.8224497e-07 3.2093108e-07 2.0769428e-07 2.5326413e-07 1.8195113e-07 1.9680949e-07 1.9822746e-07 1.7022507e-07 2.2909063e-07 1.8262939e-07 1.0436245e-07 6.3233579e-08 3.4546417e-08 1.8284651e-08 8.0408754e-09 2.7639701e-09 1.5885276e-09 4.3658828e-10 2.1444460e-10 6.9968385e-11 0.0000000e+00 0.0000000e+00 0.0000000e+00
2.6221151e-06 2.5518882e-06 2.6135721e-06 2.6171379e-06 2.5102200e-06 2.4404888e-06 2.5042126e-06 1.9239706e-06 1.8220513e-06 1.7069705e-06 1.5123081e-06 1.5200283e-06 1.4752410e-06 1.2942390e-06 9.4003947e-07 1.4931195e-06 1.4638695e-06 1.4311005e-06 1.4059010e-06 1.3365589e-06 1.2502714e-06 1.2115051e-06 1.2055981e-06 5.5849644e-07 5.0867884e-07 3.8628898e-07 2.5769782e-07 3.7612305e-07 4.2831165e-07 2.7759037e-07 3.3896920e-07 2.4386593e-07 2.6414702e-07 2.6641574e-07 2.2909063e-07 3.3214569e-07 2.6519402e-07 1.5182487e-07 9.2190680e-08 5.0502683e-08 2.6819420e-08 1.1845297e-08 4.0961704e-09 2.3746637e-09 6.6186988e-10 3.3405920e-10 1.1792648e-10 2.5995581e-11 0.0000000e+00 0.0000000e+00
1.9161404e-06 1.8732965e-06 1.9271615e-06 1.9374795e-06 1.8656739e-06 1.8207527e-06 1.8751653e-06 1.4455156e-06 1.3733488e-06 1.2907971e-06 1.1469909e-06 1.1562030e-06 1.1253548e-06 9.8993676e-07 7.2089947e-07 1.1479260e-06 1.1280872e-06 1.1054845e-06 1.0884124e-06 1.0370186e-06 9.7212586e-07 9.4393748e-07 9.4123335e-07 4.3689641e-07 3.9868730e-07 3.0332831e-07 2.0271630e-07 2.9640054e-07 3.3811991e-07 2.1951273e-07 2.6849012e-07 1.9347883e-07 2.0990970e-07 2.1205132e-07 1.8262939e-07 2.6519402e-07 2.2934531e-07 1.3154227e-07 8.0045219e-08 4.3965425e-08 2.3423922e-08 1.0388988e-08 3.6132258e-09 2.1118762e-09 5.9629619e-10 3.0831262e-10 1.1596669e-10 5.3953043e-11 0.0000000e+00 0.0000000e+00
9.7539515e-07 9.5993242e-07 9.9393340e-07 1.0049609e-06 9.7314602e-07 9.5479894e-07 9.8837250e-07 7.6544605e-07 7.3044132e-07 6.8957595e-07 6.1520850e-07 6.2257168e-07 6.0827697e-07 5.3698556e-07 3.9239474e-07 6.2688529e-07 6.1793677e-07 6.0743717e-07 5.9975231e-07 5.7305060e-07 5.3864169e-07 5.2439790e-07 5.2422886e-07 2.4394175e-07 2.2314056e-07 1.7016482e-07 1.1397489e-07 1.6701353e-07 1.9093275e-07 1.2421714e-07 1.5223698e-07 1.0992438e-07 1.1949418e-07 1.2094659e-07 1.0436245e-07 1.5182487e-07 1.3154227e-07 8.2382536e-08 5.0238550e-08 2.7667071e-08 1.4788318e-08 6.5860991e-09 2.3034919e-09 1.3570198e-09 3.8787966e-10 2.0501596e-10 8.1340323e-11 5.3641244e-11 0.0000000e+00 0.0000000e+00
5.0623557e-07 5.0326071e-07 5.2614465e-07 5.3646368e-07 5.2372120e-07 5.1779556e-07 5.3989574e-07 4.2084001e-07 4.0404997e-07 3.8376123e-07 3.4423776e-07 3.5018699e-07 3.4388862e-07 3.0501159e-07 2.2388881e-07 3.5921121e-07 3.5548219e-07 3.5083347e-07 3.4764515e-07 3.3335700e-07 3.1440377e-07 3.0709493e-07 3.0796807e-07 1.4375045e-07 1.3187931e-07 1.0085616e-07 6.7734974e-08 9.9519226e-08 1.1406792e-07 7.4397328e-08 9.1397338e-08 6.6151368e-08 7.2077692e-08 7.3119749e-08 6.3233579e-08 9.2190680e-08 8.0045219e-08 5.0238550e-08 3.3627611e-08 1.8566424e-08 9.9547292e-09 4.4508584e-09 1.5649249e-09 9.2869499e-10 2.6842624e-10 1.4465824e-10 5.9968270e-11 4.8670648e-11 0.0000000e+00 0.0000000e+00
2.1872252e-07 2.2146126e-07 2.3552136e-07 2.4364154e-07 2.4113962e-07 2.4144512e-07 2.5471886e-07 2.0060630e-07 1.9444970e-07 1.8641734e-07 1.6860287e-07 1.7286859e-07 1.7104026e-07 1.5274811e-07 1.1285456e-07 1.8217407e-07 1.8129222e-07 1.7992165e-07 1.7918167e-07 1.7266590e-07 1.6360471e-07 1.6051362e-07 1.6165647e-07 7.5767840e-08 6.9782129e-08 5.3566968e-08 3.6102833e-08 5.3227255e-08 6.1213838e-08 4.0054268e-08 4.9357374e-08 3.5831863e-08 3.9156914e-08 3.9836815e-08 3.4546417e-08 5.0502683e-08 4.3965425e-08 2.7667071e-08 1.8566424e-08 1.1373858e-08 6.1172801e-09 2.7458092e-09 9.7046743e-10 5.8004213e-10 1.6945101e-10 9.2980511e-11 4.0054319e-11 3.7625883e-11 0.0000000e+00 0.0000000e+00
7.7742340e-08 8.2060222e-08 9.0525888e-08 9.6455446e-08 9.8062460e-08 1.0055277e-07 1.0836681e-07 8.6910990e-08 8.5634970e-08 8.3389603e-08 7.6444222e-08 7.9369421e-08 7.9461675e-08 7.1717383e-08 5.3511877e-08 8.7170339e-08 8.7463031e-08 8.7506070e-08 8.7772929e-08 8.5172346e-08 8.1226661e-08 8.0183441e-08 8.1225950e-08 3.8283317e-08 3.5443752e-08 2.7343682e-08 1.8515023e-08 2.7420672e-08 3.1672895e-08 2.0811228e-08 2.5745334e-08 1.8762155e-08 2.0579425e-08 2.1011971e-08 1.8284651e-08 2.6819420e-08 2.3423922e-08 1.4788318e-08 9.9547292e-09 6.1172801e-09 3.6838368e-09 1.6597909e-09 5.8956265e-10 3.5476592e-10 1.0467350e-10 5.8381009e-11 2.5992572e-11 2.7167942e-11 0.0000000e+00 0.0000000e+00
1.2445210e-08 1.5984268e-08 2.0292683e-08 2.3833356e-08 2.6216246e-08 2.8642980e-08 3.2530216e-08 2.7203306e-08 2.7775851e-08 2.7935527e-08 2.6301340e-08 2.7969399e-08 2.8616091e-08 2.6318298e-08 1.9975859e-08 3.3044398e-08 3.3607386e-08 3.4065744e-08 3.4559664e-08 3.3900987e-08 3.2652007e-08 3.2532240e-08 3.3240947e-08 1.5795379e-08 1.4734520e-08 1.1448198e-08 7.8028517e-09 1.1628899e-08 1.3513215e-08 8.9297447e-09 1.1105392e-08 8.1348633e-09 8.9668473e-09 9.1986315e-09 8.0408754e-09 1.1845297e-08 1.0388988e-08 6.5860991e-09 4.4508584e-09 2.7458092e-09 1.6597909e-09 8.4799324e-10 3.0267826e-10 1.8332467e-10 5.4601382e-11 3.0916591e-11 1.4171178e-11 1.6095178e-11 8.0402230e-12 0.0000000e+00
0.0000000e+00 0.0000000e+00 0.0000000e+00 0.0000000e+00 9.2550767e-10 2.3965002e-09 3.9483513e-09 4.0821585e-09 4.8211463e-09 5.4246282e-09 5.5420576e-09 6.2979685e-09 6.8101370e-09 6.5501145e-09 5.1655876e-09 8.8289027e-09 9.2301129e-09 9.5978249e-09 9.9476952e-09 9.9532103e-09 9.7563978e-09 9.8773547e-09 1.0240647e-08 4.9320667e-09 4.6572555e-09 3.6595020e-09 2.5198680e-09 3.7918437e-09 4.4464230e-09 2.9632343e-09 3.7138748e-09 2.7408012e-09 3.0424833e-09 3.1420360e-09 2.7639701e-09 4.0961704e-09 3.6132258e-09 2.3034919e-09 1.5649249e-09 9.7046743e-10 5.8956265e-10 3.0267826e-10 1.2480400e-10 7.6078063e-11 2.2867265e-11 1.3134658e-11 6.1819065e-12 7.5162086e-12 9.6078731e-12 0.0000000e+00
0.0000000e+00 0.0000000e+00 0.0000000e+00 0.0000000e+00 0.0000000e+00 0.0000000e+00 0.0000000e+00 0.0000000e+00 0.0000000e+00 0.0000000e+00 2.5605160e-10 8.4330729e-10 1.3803434e-09 1.6744603e-09 1.5448203e-09 2.9563119e-09 3.3607724e-09 3.7480460e-09 4.0998951e-09 4.2972322e-09 4.3787747e-09 4.5840211e-09 4.8930109e-09 2.4181441e-09 2.3354226e-09 1.8724007e-09 1.3123738e-09 2.0072544e-09 2.3892058e-09 1.6140775e-09 2.0478211e-09 1.5287679e-09 1.7152931e-09 1.7891513e-09 1.5885276e-09 2.3746637e-09 2.1118762e-09 1.3570198e-09 9.2869499e-10 5.8004213e-10 3.5476592e-10 1.8332467e-10 7.6078063e-11 5.4659471e-11 1.6573713e-11 9.6479934e-12 4.6502129e-12 5.9804537e-12 1.1251712e-11 0.0000000e+00
0.0000000e+00 0.0000000e+00 0.0000000e+00 0.0000000e+00 0.0000000e+00 0.0000000e+00 0.0000000e+00 0.0000000e+00 0.0000000e+00 0.0000000e+00 0.0000000e+00 0.0000000e+00 0.0000000e+00 0.0000000e+00 0.0000000e+00 0.0000000e+00 4.8565114e-11 2.3420227e-10 3.9877287e-10 5.4041347e-10 6.5044912e-10 7.6795741e-10 8.9798298e-10 4.7713456e-10 4.8825985e-10 4.1070658e-10 2.9953221e-10 4.7423552e-10 5.8179746e-10 4.0355920e-10 5.2381760e-10 3.9925717e-10 4.5643666e-10 4.8422743e-10 4.3658828e-10 6.6186988e-10 5.9629619e-10 3.8787966e-10 2.6842624e-10 1.6945101e-10 1.0467350e-10 5.4601382e-11 2.2867265e-11 1.6573713e-11 6.0996890e-12 3.5965756e-12 1.7720106e-12 2.3912189e-12 5.6716848e-12 0.0000000e+00
0.0000000e+00 0.0000000e+00 0.0000000e+00 0.0000000e+00 0.0000000e+00 0.0000000e+00 0.0000000e+00 0.0000000e+00 0.0000000e+00 0.0000000e+00 0.0000000e+00 0.0000000e+00 0.0000000e+00 0.0000000e+00 0.0000000e+00 0.0000000e+00 0.0000000e+00 0.0000000e+00 0.0000000e+00 0.0000000e+00 0.0000000e+00 0.0000000e+00 6.9211320e-12 5.2204202e-11 9.0570321e-11 1.0077305e-10 8.7698338e-11 1.5769393e-10 2.1304030e-10 1.5930419e-10 2.1939236e-10 1.7579335e-10 2.0962664e-10 2.3055655e-10 2.1444460e-10 3.3405920e-10 3.0831262e-10 2.0501596e-10 1.4465824e-10 9.2980511e-11 5.8381009e-11 3.0916591e-11 1.3134658e-11 9.6479934e-12 3.5965756e-12 2.6847567e-12 1.3503483e-12 1.9009189e-12 5.2920831e-12 0.0000000e+00
0.0000000e+00 0.0000000e+00 0.0000000e+00 0.0000000e+00 0.0000000e+00 0.0000000e+00 0.0000000e+00 0.0000000e+00 0.0000000e+00 0.0000000e+00 0.0000000e+00 0.0000000e+00 0.0000000e+00 0.0000000e+00 0.0000000e+00 0.0000000e+00 0.0000000e+00 0.0000000e+00 0.0000000e+00 0.0000000e+00 0.0000000e+00 0.0000000e+00 0.0000000e+00 0.0000000e+00 0.0000000e+00 0.0000000e+00 0.0000000e+00 0.0000000e+00 0.0000000e+00 1.3188820e-11 3.3810180e-11 3.7109637e-11 5.3877387e-11 6.7961854e-11 6.9968385e-11 1.1792648e-10 1.1596669e-10 8.1340323e-11 5.9968270e-11 4.0054319e-11 2.5992572e-11 1.4171178e-11 6.1819065e-12 4.6502129e-12 1.7720106e-12 1.3503483e-12 9.1896932e-13 1.3442199e-12 4.2246547e-12 0.0000000e+00
0.0000000e+00 0.0000000e+00 0.0000000e+00 0.0000000e+00 0.0000000e+00 0.0000000e+00 0.0000000e+00 0.0000000e+00 0.0000000e+00 0.0000000e+00 0.0000000e+00 0.0000000e+00 0.0000000e+00 0.0000000e+00 0.0000000e+00 0.0000000e+00 0.0000000e+00 0.0000000e+00 0.0000000e+00 0.0000000e+00 0.0000000e+00 0.0000000e+00 0.0000000e+00 0.0000000e+00 0.0000000e+00 0.0000000e+00 0.0000000e+00 0.0000000e+00 0.0000000e+00 0.0000000e+00 0.0000000e+00 0.0000000e+00 0.0000000e+00 0.0000000e+00 0.0000000e+00 2.5995581e-11 5.3953043e-11 5.3641244e-11 4.8670648e-11 3.7625883e-11 2.7167942e-11 1.6095178e-11 7.5162086e-12 5.9804537e-12 2.3912189e-12 1.9009189e-12 1.3442199e-12 2.9770607e-12 1.0315388e-11 1.5620599e-11
0.0000000e+00 0.0000000e+00 0.0000000e+00 0.0000000e+00 0.0000000e+00 0.0000000e+00 0.0000000e+00 0.0000000e+00 0.0000000e+00 0.0000000e+00 0.0000000e+00 0.0000000e+00 0.0000000e+00 0.0000000e+00 0.0000000e+00 0.0000000e+00 0.0000000e+00 0.0000000e+00 0.0000000e+00 0.0000000e+00 0.0000000e+00 0.0000000e+00 0.0000000e+00 0.0000000e+00 0.0000000e+00 0.0000000e+00 0.0000000e+00 0.0000000e+00 0.0000000e+00 0.0000000e+00 0.0000000e+00 0.0000000e+00 0.0000000e+00 0.0000000e+00 0.0000000e+00 0.0000000e+00 0.0000000e+00 0.0000000e+00 0.0000000e+00 0.0000000e+00 0.0000000e+00 8.0402230e-12 9.6078731e-12 1.1251712e-11 5.6716848e-12 5.2920831e-12 4.2246547e-12 1.0315388e-11 7.0392304e-11 3.7419357e-10
0.0000000e+00 0.0000000e+00 0.0000000e+00 0.0000000e+00 0.0000000e+00 0.0000000e+00 0.0000000e+00 0.0000000e+00 0.0000000e+00 0.0000000e+00 0.0000000e+00 0.0000000e+00 0.0000000e+00 0.0000000e+00 0.0000000e+00 0.0000000e+00 0.0000000e+00 0.0000000e+00 0.0000000e+00 0.0000000e+00 0.0000000e+00 0.0000000e+00 0.0000000e+00 0.0000000e+00 0.0000000e+00 0.0000000e+00 0.0000000e+00 0.0000000e+00 0.0000000e+00 0.0000000e+00 0.0000000e+00 0.0000000e+00 0.0000000e+00 0.0000000e+00 0.0000000e+00 0.0000000e+00 0.0000000e+00 0.0000000e+00 0.0000000e+00 0.0000000e+00 0.0000000e+00 0.0000000e+00 0.0000000e+00 0.0000000e+00 0.0000000e+00 0.0000000e+00 0.0000000e+00 1.5620599e-11 3.7419357e-10 1.5294701e-08
</Matrix>
</arts>
