<?xml version="1.0"?>
<arts version="1" format="ascii">
<Matrix ncols="50" nrows="50">
2.0001578e-04 1.9148644e-04 1.7415684e-04 1.7188943e-04 1.6862683e-04 1.1611028e-04 1.4307238e-04 1.3439083e-04 1.1208991e-04 7.9706657e-05 7.3571327e-05 8.5351174e-05 7.2788779e-05 4.9073968e-05 5.3267181e-05 3.8282214e-05 2.9577729e-05 3.6961626e-05 3.1790077e-05 3.6335329e-05 2.3208793e-05 3.3114181e-05 2.9054651e-05 1.1269882e-05 3.8423622e-06 1.0018275e-05 9.2145548e-06 7.7725168e-06 6.5991319e-06 5.3733961e-06 6.1058700e-06 4.3603660e-06 2.7678234e-06 1.5629925e-06 1.0173821e-06 8.1273782e-07 3.7294106e-07 3.7581938e-07 4.6986240e-07 7.4929698e-08 8.1670177e-09 3.0259443e-09 0.0000000e+00 0.0000000e+00 0.0000000e+00 0.0000000e+00 0.0000000e+00 0.0000000e+00 0.0000000e+00 0.0000000e+00
1.9148644e-04 1.8740192e-04 1.7046460e-04 1.6826809e-04 1.6509705e-04 1.1369622e-04 1.4011964e-04 1.3163844e-04 1.0981333e-04 7.8101935e-05 7.2103444e-05 8.3665947e-05 7.1366521e-05 4.8126131e-05 5.2250658e-05 3.7561675e-05 2.9029148e-05 3.6286820e-05 3.1219646e-05 3.5695519e-05 2.2808859e-05 3.2556758e-05 2.8578461e-05 1.1090682e-05 3.7833071e-06 9.8702952e-06 9.0845969e-06 7.6688621e-06 6.5167607e-06 5.3116430e-06 6.0428885e-06 4.3213642e-06 2.7476260e-06 1.5547294e-06 1.0145962e-06 8.1320626e-07 3.7485351e-07 3.8014756e-07 4.8002607e-07 7.7924626e-08 8.8494855e-09 3.9835807e-09 0.0000000e+00 0.0000000e+00 0.0000000e+00 0.0000000e+00 0.0000000e+00 0.0000000e+00 0.0000000e+00 0.0000000e+00
1.7415684e-04 1.7046460e-04 1.5879897e-04 1.5677526e-04 1.5384328e-04 1.0596235e-04 1.3060995e-04 1.2272520e-04 1.0239665e-04 7.2840931e-05 6.7259608e-05 7.8062754e-05 6.6601720e-05 4.4923843e-05 4.8786024e-05 3.5080885e-05 2.7119882e-05 3.3910747e-05 2.9185157e-05 3.3381308e-05 2.1338693e-05 3.0471235e-05 2.6760429e-05 1.0390543e-05 3.5464725e-06 9.2582878e-06 8.5273264e-06 7.2042708e-06 6.1274728e-06 4.9995378e-06 5.6948296e-06 4.0782837e-06 2.5975063e-06 1.4728375e-06 9.6366796e-07 7.7499187e-07 3.5887425e-07 3.6624608e-07 4.6700276e-07 7.7107498e-08 9.0868169e-09 4.7176201e-09 0.0000000e+00 0.0000000e+00 0.0000000e+00 0.0000000e+00 0.0000000e+00 0.0000000e+00 0.0000000e+00 0.0000000e+00
1.7188943e-04 1.6826809e-04 1.5677526e-04 1.5850269e-04 1.5556055e-04 1.0716107e-04 1.3210873e-04 1.2415403e-04 1.0360728e-04 7.3715827e-05 6.8080360e-05 7.9032450e-05 6.7443489e-05 4.5502309e-05 4.9426115e-05 3.5550837e-05 2.7491031e-05 3.4385182e-05 2.9603082e-05 3.3871058e-05 2.1660176e-05 3.0943010e-05 2.7187152e-05 1.0561521e-05 3.6067897e-06 9.4214970e-06 8.6835384e-06 7.3419492e-06 6.2499520e-06 5.1045390e-06 5.8212704e-06 4.1745009e-06 2.6631016e-06 1.5129940e-06 9.9237650e-07 8.0059604e-07 3.7230582e-07 3.8216117e-07 4.9161101e-07 8.2393845e-08 1.0015910e-08 5.7604372e-09 0.0000000e+00 0.0000000e+00 0.0000000e+00 0.0000000e+00 0.0000000e+00 0.0000000e+00 0.0000000e+00 0.0000000e+00
1.6862683e-04 1.6509705e-04 1.5384328e-04 1.5556055e-04 1.5632736e-04 1.0770485e-04 1.3279982e-04 1.2482352e-04 1.0418400e-04 7.4139522e-05 6.8484236e-05 7.9517984e-05 6.7871904e-05 4.5801757e-05 4.9762971e-05 3.5802554e-05 2.7693320e-05 3.4648274e-05 2.9838932e-05 3.4152330e-05 2.1848231e-05 3.1224008e-05 2.7446092e-05 1.0667252e-05 3.6447991e-06 9.5263600e-06 8.7858978e-06 7.4340211e-06 6.3335382e-06 5.1777095e-06 5.9113225e-06 4.2445501e-06 2.7119475e-06 1.5435965e-06 1.0147872e-06 8.2108717e-07 3.8333949e-07 3.9558678e-07 5.1296216e-07 8.7118949e-08 1.0872992e-08 6.7551210e-09 5.2073758e-10 0.0000000e+00 0.0000000e+00 0.0000000e+00 0.0000000e+00 0.0000000e+00 0.0000000e+00 0.0000000e+00
1.1611028e-04 1.1369622e-04 1.0596235e-04 1.0716107e-04 1.0770485e-04 7.6016501e-05 9.3742708e-05 8.8126341e-05 7.3567347e-05 5.2361445e-05 4.8376192e-05 5.6181968e-05 4.7963521e-05 3.2374354e-05 3.5182410e-05 2.5319007e-05 1.9589638e-05 2.4516477e-05 2.1120023e-05 2.4181048e-05 1.5475043e-05 2.2124524e-05 1.9456020e-05 7.5654080e-06 2.5862868e-06 6.7636369e-06 6.2419012e-06 5.2853225e-06 4.5065498e-06 3.6875496e-06 4.2146252e-06 3.0300619e-06 1.9388681e-06 1.1055489e-06 7.2842507e-07 5.9104974e-07 2.7697790e-07 2.8726669e-07 3.7528486e-07 6.4512261e-08 8.2402658e-09 5.4457421e-09 9.6085848e-10 0.0000000e+00 0.0000000e+00 0.0000000e+00 0.0000000e+00 0.0000000e+00 0.0000000e+00 0.0000000e+00
1.4307238e-04 1.4011964e-04 1.3060995e-04 1.3210873e-04 1.3279982e-04 9.3742708e-05 1.1857935e-04 1.1149324e-04 9.3090352e-05 6.6269107e-05 6.1236806e-05 7.1132933e-05 6.0740252e-05 4.1007858e-05 4.4575311e-05 3.2087187e-05 2.4833216e-05 3.1087987e-05 2.6789628e-05 3.0682746e-05 1.9643336e-05 2.8095094e-05 2.4717384e-05 9.6159250e-06 3.2889908e-06 8.6063828e-06 7.9476550e-06 6.7346501e-06 5.7470129e-06 4.7069829e-06 5.3856972e-06 3.8768899e-06 2.4844467e-06 1.4191777e-06 9.3714295e-07 7.6253391e-07 3.5865952e-07 3.7381160e-07 4.9186479e-07 8.5525985e-08 1.1158355e-08 7.7694299e-09 1.9869753e-09 0.0000000e+00 0.0000000e+00 0.0000000e+00 0.0000000e+00 0.0000000e+00 0.0000000e+00 0.0000000e+00
1.3439083e-04 1.3163844e-04 1.2272520e-04 1.2415403e-04 1.2482352e-04 8.8126341e-05 1.1149324e-04 1.0753528e-04 8.9801187e-05 6.3939101e-05 5.9094533e-05 6.8658785e-05 5.8639661e-05 3.9598599e-05 4.3053382e-05 3.0999709e-05 2.3998121e-05 3.0051167e-05 2.5904147e-05 2.9678329e-05 1.9007277e-05 2.7195879e-05 2.3936525e-05 9.3165081e-06 3.1881927e-06 8.3473444e-06 7.7132702e-06 6.5407011e-06 5.5858913e-06 4.5791366e-06 5.2449499e-06 3.7801401e-06 2.4259037e-06 1.3880968e-06 9.1854407e-07 7.4937222e-07 3.5368872e-07 3.7031402e-07 4.9048401e-07 8.6170894e-08 1.1452797e-08 8.3222323e-09 2.6429573e-09 0.0000000e+00 0.0000000e+00 0.0000000e+00 0.0000000e+00 0.0000000e+00 0.0000000e+00 0.0000000e+00
1.1208991e-04 1.0981333e-04 1.0239665e-04 1.0360728e-04 1.0418400e-04 7.3567347e-05 9.3090352e-05 8.9801187e-05 7.7025208e-05 5.4852584e-05 5.0705960e-05 5.8925111e-05 5.0336975e-05 3.3999726e-05 3.6974735e-05 2.6629975e-05 2.0621059e-05 2.5829850e-05 2.2272354e-05 2.5525919e-05 1.6353999e-05 2.3408728e-05 2.0612213e-05 8.0264428e-06 2.7481298e-06 7.1992918e-06 6.6566366e-06 5.6487626e-06 4.8279784e-06 3.9614084e-06 4.5422165e-06 3.2776348e-06 2.1064219e-06 1.2073356e-06 8.0059476e-07 6.5484853e-07 3.1012583e-07 3.2614788e-07 4.3473739e-07 7.7128061e-08 1.0427568e-08 7.8639900e-09 2.9039860e-09 0.0000000e+00 0.0000000e+00 0.0000000e+00 0.0000000e+00 0.0000000e+00 0.0000000e+00 0.0000000e+00
7.9706657e-05 7.8101935e-05 7.2840931e-05 7.3715827e-05 7.4139522e-05 5.2361445e-05 6.6269107e-05 6.3939101e-05 5.4852584e-05 4.0135187e-05 3.7107964e-05 4.3132011e-05 3.6853296e-05 2.4897914e-05 2.7082772e-05 1.9510669e-05 1.5112309e-05 1.8935042e-05 1.6332184e-05 1.8724137e-05 1.2000608e-05 1.7183997e-05 1.5137555e-05 5.8973376e-06 2.0201686e-06 5.2952057e-06 4.8990932e-06 4.1602408e-06 3.5584798e-06 2.9223361e-06 3.3542402e-06 2.4232327e-06 1.5594679e-06 8.9529558e-07 5.9486262e-07 4.8777742e-07 2.3174701e-07 2.4473858e-07 3.2815557e-07 5.8743108e-08 8.0640068e-09 6.2762780e-09 2.5837717e-09 0.0000000e+00 0.0000000e+00 0.0000000e+00 0.0000000e+00 0.0000000e+00 0.0000000e+00 0.0000000e+00
7.3571327e-05 7.2103444e-05 6.7259608e-05 6.8080360e-05 6.8484236e-05 4.8376192e-05 6.1236806e-05 5.9094533e-05 5.0705960e-05 3.7107964e-05 3.5241291e-05 4.0970588e-05 3.5013491e-05 2.3660103e-05 2.5742069e-05 1.8549470e-05 1.4371563e-05 1.8011878e-05 1.5540513e-05 1.7822121e-05 1.1426497e-05 1.6367943e-05 1.4424556e-05 5.6220623e-06 1.9267931e-06 5.0531464e-06 4.6778903e-06 3.9750490e-06 3.4025623e-06 2.7966217e-06 3.2130689e-06 2.3238145e-06 1.4974257e-06 8.6099457e-07 5.7314122e-07 4.7105468e-07 2.2447008e-07 2.3796648e-07 3.2079927e-07 5.7891053e-08 8.0543248e-09 6.4373641e-09 2.8732968e-09 1.4583750e-10 0.0000000e+00 0.0000000e+00 0.0000000e+00 0.0000000e+00 0.0000000e+00 0.0000000e+00
8.5351174e-05 8.3665947e-05 7.8062754e-05 7.9032450e-05 7.9517984e-05 5.6181968e-05 7.1132933e-05 6.8658785e-05 5.8925111e-05 4.3132011e-05 4.0970588e-05 4.9069214e-05 4.1943587e-05 2.8349713e-05 3.0851730e-05 2.2237442e-05 1.7233747e-05 2.1605443e-05 1.8646933e-05 2.1391829e-05 1.3720343e-05 1.9661538e-05 1.7334654e-05 6.7595036e-06 2.3178020e-06 6.0820562e-06 5.6339223e-06 4.7908422e-06 4.1040556e-06 3.3761775e-06 3.8829268e-06 2.8115694e-06 1.8142041e-06 1.0448187e-06 6.9687097e-07 5.7413076e-07 2.7443667e-07 2.9209246e-07 3.9593914e-07 7.2033503e-08 1.0155392e-08 8.3235678e-09 3.9819565e-09 5.7784625e-10 0.0000000e+00 0.0000000e+00 0.0000000e+00 0.0000000e+00 0.0000000e+00 0.0000000e+00
7.2788779e-05 7.1366521e-05 6.6601720e-05 6.7443489e-05 6.7871904e-05 4.7963521e-05 6.0740252e-05 5.8639661e-05 5.0336975e-05 3.6853296e-05 3.5013491e-05 4.1943587e-05 3.6887782e-05 2.4937925e-05 2.7144874e-05 1.9570503e-05 1.5170869e-05 1.9024493e-05 1.6424233e-05 1.8847828e-05 1.2092874e-05 1.7335674e-05 1.5290209e-05 5.9649075e-06 2.0463040e-06 5.3724475e-06 4.9794716e-06 4.2370928e-06 3.6322811e-06 2.9905002e-06 3.4426061e-06 2.4954044e-06 1.6121997e-06 9.2984197e-07 6.2128394e-07 5.1297231e-07 2.4588418e-07 2.6262837e-07 3.5773390e-07 6.5545248e-08 9.3456983e-09 7.8206659e-09 3.9434221e-09 8.3778429e-10 0.0000000e+00 0.0000000e+00 0.0000000e+00 0.0000000e+00 0.0000000e+00 0.0000000e+00
4.9073968e-05 4.8126131e-05 4.4923843e-05 4.5502309e-05 4.5801757e-05 3.2374354e-05 4.1007858e-05 3.9598599e-05 3.3999726e-05 2.4897914e-05 2.3660103e-05 2.8349713e-05 2.4937925e-05 1.7375958e-05 1.8918023e-05 1.3642749e-05 1.0578574e-05 1.3269428e-05 1.1459230e-05 1.3154397e-05 8.4429502e-06 1.2107878e-05 1.0683658e-05 4.1697048e-06 1.4311371e-06 3.7593784e-06 3.4864450e-06 2.9686335e-06 2.5467340e-06 2.0984852e-06 2.4180471e-06 1.7546396e-06 1.1350412e-06 6.5560441e-07 4.3882893e-07 3.6311496e-07 1.7453393e-07 1.8707091e-07 2.5603167e-07 4.7233942e-08 6.8076254e-09 5.8069555e-09 3.0637218e-09 8.2005517e-10 0.0000000e+00 0.0000000e+00 0.0000000e+00 0.0000000e+00 0.0000000e+00 0.0000000e+00
5.3267181e-05 5.2250658e-05 4.8786024e-05 4.9426115e-05 4.9762971e-05 3.5182410e-05 4.4575311e-05 4.3053382e-05 3.6974735e-05 2.7082772e-05 2.5742069e-05 3.0851730e-05 2.7144874e-05 1.8918023e-05 2.1221887e-05 1.5307974e-05 1.1872851e-05 1.4896959e-05 1.2868463e-05 1.4776638e-05 9.4874045e-06 1.3610587e-05 1.2014347e-05 4.6910697e-06 1.6108229e-06 4.2335486e-06 3.9283927e-06 3.3470613e-06 2.8733626e-06 2.3694761e-06 2.7327790e-06 1.9850503e-06 1.2856120e-06 7.4360450e-07 4.9856245e-07 4.1338160e-07 1.9920556e-07 2.1420417e-07 2.9445022e-07 5.4660463e-08 7.9538779e-09 6.8983417e-09 3.7767687e-09 1.1744478e-09 0.0000000e+00 0.0000000e+00 0.0000000e+00 0.0000000e+00 0.0000000e+00 0.0000000e+00
3.8282214e-05 3.7561675e-05 3.5080885e-05 3.5550837e-05 3.5802554e-05 2.5319007e-05 3.2087187e-05 3.0999709e-05 2.6629975e-05 1.9510669e-05 1.8549470e-05 2.2237442e-05 1.9570503e-05 1.3642749e-05 1.5307974e-05 1.1408258e-05 8.8506481e-06 1.1108150e-05 9.5985051e-06 1.1025373e-05 7.0814408e-06 1.0162838e-05 8.9746733e-06 3.5057938e-06 1.2044045e-06 3.1671023e-06 2.9405448e-06 2.5070588e-06 2.1537971e-06 1.7775476e-06 2.0520287e-06 1.4921488e-06 9.6757533e-07 5.6045393e-07 3.7641319e-07 3.1275479e-07 1.5111060e-07 1.6302187e-07 2.2508405e-07 4.2044038e-08 6.1759709e-09 5.4423196e-09 3.0817064e-09 1.0755438e-09 0.0000000e+00 0.0000000e+00 0.0000000e+00 0.0000000e+00 0.0000000e+00 0.0000000e+00
2.9577729e-05 2.9029148e-05 2.7119882e-05 2.7491031e-05 2.7693320e-05 1.9589638e-05 2.4833216e-05 2.3998121e-05 2.0621059e-05 1.5112309e-05 1.4371563e-05 1.7233747e-05 1.5170869e-05 1.0578574e-05 1.1872851e-05 8.8506481e-06 7.0960042e-06 8.9084364e-06 7.7000363e-06 8.8474796e-06 5.6846040e-06 8.1611808e-06 7.2099444e-06 2.8176686e-06 9.6845556e-07 2.5479752e-06 2.3670535e-06 2.0194040e-06 1.7360656e-06 1.4339182e-06 1.6568420e-06 1.2060165e-06 7.8295692e-07 4.5413870e-07 3.0551009e-07 2.5434678e-07 1.2319556e-07 1.3331665e-07 1.8482855e-07 3.4723186e-08 5.1445156e-09 4.5979115e-09 2.6789949e-09 1.0187458e-09 3.6626920e-11 0.0000000e+00 0.0000000e+00 0.0000000e+00 0.0000000e+00 0.0000000e+00
3.6961626e-05 3.6286820e-05 3.3910747e-05 3.4385182e-05 3.4648274e-05 2.4516477e-05 3.1087987e-05 3.0051167e-05 2.5829850e-05 1.8935042e-05 1.8011878e-05 2.1605443e-05 1.9024493e-05 1.3269428e-05 1.4896959e-05 1.1108150e-05 8.9084364e-06 1.1562659e-05 9.9971390e-06 1.1490441e-05 7.3852694e-06 1.0606569e-05 9.3740017e-06 3.6649556e-06 1.2602514e-06 3.3173598e-06 3.0835142e-06 2.6322773e-06 2.2644790e-06 1.8717929e-06 2.1646927e-06 1.5772358e-06 1.0251196e-06 5.9538460e-07 4.0115953e-07 3.3461126e-07 1.6245542e-07 1.7631498e-07 2.4538663e-07 4.6346644e-08 6.9208588e-09 6.2645008e-09 3.7410881e-09 1.5208707e-09 1.9959518e-10 0.0000000e+00 0.0000000e+00 0.0000000e+00 0.0000000e+00 0.0000000e+00
3.1790077e-05 3.1219646e-05 2.9185157e-05 2.9603082e-05 2.9838932e-05 2.1120023e-05 2.6789628e-05 2.5904147e-05 2.2272354e-05 1.6332184e-05 1.5540513e-05 1.8646933e-05 1.6424233e-05 1.1459230e-05 1.2868463e-05 9.5985051e-06 7.7000363e-06 9.9971390e-06 8.9464916e-06 1.0286028e-05 6.6134189e-06 9.5014524e-06 8.4006070e-06 3.2857858e-06 1.1303823e-06 2.9770031e-06 2.7686715e-06 2.3649687e-06 2.0358836e-06 1.6841083e-06 1.9493300e-06 1.4216992e-06 9.2506189e-07 5.3796666e-07 3.6302996e-07 3.0336674e-07 1.4762385e-07 1.6066965e-07 2.2444215e-07 4.2606381e-08 6.4094906e-09 5.8697672e-09 3.5829133e-09 1.5382146e-09 3.1452910e-10 0.0000000e+00 0.0000000e+00 0.0000000e+00 0.0000000e+00 0.0000000e+00
3.6335329e-05 3.5695519e-05 3.3381308e-05 3.3871058e-05 3.4152330e-05 2.4181048e-05 3.0682746e-05 2.9678329e-05 2.5525919e-05 1.8724137e-05 1.7822121e-05 2.1391829e-05 1.8847828e-05 1.3154397e-05 1.4776638e-05 1.1025373e-05 8.8474796e-06 1.1490441e-05 1.0286028e-05 1.2249844e-05 7.8787170e-06 1.1323289e-05 1.0015237e-05 3.9189681e-06 1.3488143e-06 3.5540270e-06 3.3070985e-06 2.8265978e-06 2.4348728e-06 2.0156425e-06 2.3350524e-06 1.7046297e-06 1.1103622e-06 6.4653759e-07 4.3694470e-07 3.6578429e-07 1.7838922e-07 1.9467646e-07 2.7290468e-07 5.2054005e-08 7.8846952e-09 7.2981283e-09 4.5418385e-09 2.0395604e-09 5.3419091e-10 0.0000000e+00 0.0000000e+00 0.0000000e+00 0.0000000e+00 0.0000000e+00
2.3208793e-05 2.2808859e-05 2.1338693e-05 2.1660176e-05 2.1848231e-05 1.5475043e-05 1.9643336e-05 1.9007277e-05 1.6353999e-05 1.2000608e-05 1.1426497e-05 1.3720343e-05 1.2092874e-05 8.4429502e-06 9.4874045e-06 7.0814408e-06 5.6846040e-06 7.3852694e-06 6.6134189e-06 7.8787170e-06 5.2618456e-06 7.5650701e-06 6.6938280e-06 2.6204277e-06 9.0230287e-07 2.3787089e-06 2.2146648e-06 1.8940623e-06 1.6326681e-06 1.3525779e-06 1.5682691e-06 1.1459683e-06 7.4728535e-07 4.3568005e-07 2.9488530e-07 2.4730378e-07 1.2087401e-07 1.3226470e-07 1.8606184e-07 3.5656720e-08 5.4371884e-09 5.0842827e-09 3.2215142e-09 1.5046585e-09 4.6654679e-10 0.0000000e+00 0.0000000e+00 0.0000000e+00 0.0000000e+00 0.0000000e+00
3.3114181e-05 3.2556758e-05 3.0471235e-05 3.0943010e-05 3.1224008e-05 2.2124524e-05 2.8095094e-05 2.7195879e-05 2.3408728e-05 1.7183997e-05 1.6367943e-05 1.9661538e-05 1.7335674e-05 1.2107878e-05 1.3610587e-05 1.0162838e-05 8.1611808e-06 1.0606569e-05 9.5014524e-06 1.1323289e-05 7.5650701e-06 1.1296033e-05 9.9989583e-06 3.9159145e-06 1.3489819e-06 3.5580140e-06 3.3144071e-06 2.8362945e-06 2.4464421e-06 2.0282117e-06 2.3535917e-06 1.7214067e-06 1.1237114e-06 6.5593645e-07 4.4459764e-07 3.7349289e-07 1.8293151e-07 2.0067535e-07 2.8321849e-07 5.4512337e-08 8.3634405e-09 7.8927861e-09 5.0805737e-09 2.4518720e-09 8.5501821e-10 0.0000000e+00 0.0000000e+00 0.0000000e+00 0.0000000e+00 0.0000000e+00
2.9054651e-05 2.8578461e-05 2.6760429e-05 2.7187152e-05 2.7446092e-05 1.9456020e-05 2.4717384e-05 2.3936525e-05 2.0612213e-05 1.5137555e-05 1.4424556e-05 1.7334654e-05 1.5290209e-05 1.0683658e-05 1.2014347e-05 8.9746733e-06 7.2099444e-06 9.3740017e-06 8.4006070e-06 1.0015237e-05 6.6938280e-06 9.9989583e-06 9.2110944e-06 3.6088826e-06 1.2437719e-06 3.2821399e-06 3.0590673e-06 2.6193645e-06 2.2607972e-06 1.8756672e-06 2.1783853e-06 1.5947348e-06 1.0421195e-06 6.0904504e-07 4.1340156e-07 3.4787195e-07 1.7073383e-07 1.8775978e-07 2.6583634e-07 5.1383394e-08 7.9299041e-09 7.5490613e-09 4.9307321e-09 2.4493075e-09 9.3519505e-10 1.4949351e-11 0.0000000e+00 0.0000000e+00 0.0000000e+00 0.0000000e+00
1.1269882e-05 1.1090682e-05 1.0390543e-05 1.0561521e-05 1.0667252e-05 7.5654080e-06 9.6159250e-06 9.3165081e-06 8.0264428e-06 5.8973376e-06 5.6220623e-06 6.7595036e-06 5.9649075e-06 4.1697048e-06 4.6910697e-06 3.5057938e-06 2.8176686e-06 3.6649556e-06 3.2857858e-06 3.9189681e-06 2.6204277e-06 3.9159145e-06 3.6088826e-06 1.4737213e-06 5.0813305e-07 1.3415516e-06 1.2510408e-06 1.0718592e-06 9.2572683e-07 7.6858081e-07 8.9335724e-07 6.5459822e-07 4.2820765e-07 2.5055426e-07 1.7030569e-07 1.4354609e-07 7.0592948e-08 7.7819399e-08 1.1051797e-07 2.1448465e-08 3.3285912e-09 3.1945810e-09 2.1145424e-09 1.0773119e-09 4.4174679e-10 5.7274284e-11 0.0000000e+00 0.0000000e+00 0.0000000e+00 0.0000000e+00
3.8423622e-06 3.7833071e-06 3.5464725e-06 3.6067897e-06 3.6447991e-06 2.5862868e-06 3.2889908e-06 3.1881927e-06 2.7481298e-06 2.0201686e-06 1.9267931e-06 2.3178020e-06 2.0463040e-06 1.4311371e-06 1.6108229e-06 1.2044045e-06 9.6845556e-07 1.2602514e-06 1.1303823e-06 1.3488143e-06 9.0230287e-07 1.3489819e-06 1.2437719e-06 5.0813305e-07 1.8276717e-07 4.8276639e-07 4.5043065e-07 3.8614225e-07 3.3370664e-07 2.7725267e-07 3.2252106e-07 2.3653307e-07 1.5488444e-07 9.0730500e-08 6.1753772e-08 5.2133006e-08 2.5687130e-08 2.8381618e-08 4.0424685e-08 7.8752218e-09 1.2285262e-09 1.1879201e-09 7.9580823e-10 4.1447493e-10 1.7989397e-10 3.8609098e-11 0.0000000e+00 0.0000000e+00 0.0000000e+00 0.0000000e+00
1.0018275e-05 9.8702952e-06 9.2582878e-06 9.4214970e-06 9.5263600e-06 6.7636369e-06 8.6063828e-06 8.3473444e-06 7.1992918e-06 5.2952057e-06 5.0531464e-06 6.0820562e-06 5.3724475e-06 3.7593784e-06 4.2335486e-06 3.1671023e-06 2.5479752e-06 3.3173598e-06 2.9770031e-06 3.5540270e-06 2.3787089e-06 3.5580140e-06 3.2821399e-06 1.3415516e-06 4.8276639e-07 1.3332540e-06 1.2446069e-06 1.0675942e-06 9.2320339e-07 7.6756205e-07 8.9360005e-07 6.5593550e-07 4.2994471e-07 2.5214730e-07 1.7184766e-07 1.4530266e-07 7.1729644e-08 7.9432557e-08 1.1346053e-07 2.2185385e-08 3.4782647e-09 3.3873209e-09 2.2948201e-09 1.2192144e-09 5.5504424e-10 1.5670631e-10 0.0000000e+00 0.0000000e+00 0.0000000e+00 0.0000000e+00
9.2145548e-06 9.0845969e-06 8.5273264e-06 8.6835384e-06 8.7858978e-06 6.2419012e-06 7.9476550e-06 7.7132702e-06 6.6566366e-06 4.8990932e-06 4.6778903e-06 5.6339223e-06 4.9794716e-06 3.4864450e-06 3.9283927e-06 2.9405448e-06 2.3670535e-06 3.0835142e-06 2.7686715e-06 3.3070985e-06 2.2146648e-06 3.3144071e-06 3.0590673e-06 1.2510408e-06 4.5043065e-07 1.2446069e-06 1.2167584e-06 1.0443121e-06 9.0363275e-07 7.5181211e-07 8.7595408e-07 6.4354257e-07 4.2223721e-07 2.4790454e-07 1.6917645e-07 1.4326278e-07 7.0852847e-08 7.8632789e-08 1.1262650e-07 2.2100337e-08 3.4814207e-09 3.4130874e-09 2.3362839e-09 1.2635228e-09 5.9873789e-10 2.0162071e-10 0.0000000e+00 0.0000000e+00 0.0000000e+00 0.0000000e+00
7.7725168e-06 7.6688621e-06 7.2042708e-06 7.3419492e-06 7.4340211e-06 5.2853225e-06 6.7346501e-06 6.5407011e-06 5.6487626e-06 4.1602408e-06 3.9750490e-06 4.7908422e-06 4.2370928e-06 2.9686335e-06 3.3470613e-06 2.5070588e-06 2.0194040e-06 2.6322773e-06 2.3649687e-06 2.8265978e-06 1.8940623e-06 2.8362945e-06 2.6193645e-06 1.0718592e-06 3.8614225e-07 1.0675942e-06 1.0443121e-06 9.4137183e-07 8.1507265e-07 6.7860627e-07 7.9128885e-07 5.8185057e-07 3.8213819e-07 2.2461355e-07 1.5348205e-07 1.3017057e-07 6.4495701e-08 7.1732207e-08 1.0302060e-07 2.0285534e-08 3.2103058e-09 3.1675202e-09 2.1894471e-09 1.2036322e-09 5.9060650e-10 2.2582494e-10 0.0000000e+00 0.0000000e+00 0.0000000e+00 0.0000000e+00
6.5991319e-06 6.5167607e-06 6.1274728e-06 6.2499520e-06 6.3335382e-06 4.5065498e-06 5.7470129e-06 5.5858913e-06 4.8279784e-06 3.5584798e-06 3.4025623e-06 4.1040556e-06 3.6322811e-06 2.5467340e-06 2.8733626e-06 2.1537971e-06 1.7360656e-06 2.2644790e-06 2.0358836e-06 2.4348728e-06 1.6326681e-06 2.4464421e-06 2.2607972e-06 9.2572683e-07 3.3370664e-07 9.2320339e-07 9.0363275e-07 8.1507265e-07 7.4195284e-07 6.1814853e-07 7.2134703e-07 5.3087037e-07 3.4898935e-07 2.0535116e-07 1.4049561e-07 1.1933064e-07 5.9228146e-08 6.6008959e-08 9.5043679e-08 1.8775909e-08 2.9842181e-09 2.9619231e-09 2.0655845e-09 1.1521386e-09 5.8227627e-10 2.4440322e-10 0.0000000e+00 0.0000000e+00 0.0000000e+00 0.0000000e+00
5.3733961e-06 5.3116430e-06 4.9995378e-06 5.1045390e-06 5.1777095e-06 3.6875496e-06 4.7069829e-06 4.5791366e-06 3.9614084e-06 2.9223361e-06 2.7966217e-06 3.3761775e-06 2.9905002e-06 2.0984852e-06 2.3694761e-06 1.7775476e-06 1.4339182e-06 1.8717929e-06 1.6841083e-06 2.0156425e-06 1.3525779e-06 2.0282117e-06 1.8756672e-06 7.6858081e-07 2.7725267e-07 7.6756205e-07 7.5181211e-07 6.7860627e-07 6.1814853e-07 5.4296081e-07 6.3409505e-07 4.6705293e-07 3.0732888e-07 1.8103211e-07 1.2401133e-07 1.0548202e-07 5.2444874e-08 5.8567184e-08 8.4539912e-08 1.6753947e-08 2.6739485e-09 2.6690374e-09 1.8769707e-09 1.0610323e-09 5.5041067e-10 2.4871675e-10 2.3850039e-11 0.0000000e+00 0.0000000e+00 0.0000000e+00
6.1058700e-06 6.0428885e-06 5.6948296e-06 5.8212704e-06 5.9113225e-06 4.2146252e-06 5.3856972e-06 5.2449499e-06 4.5422165e-06 3.3542402e-06 3.2130689e-06 3.8829268e-06 3.4426061e-06 2.4180471e-06 2.7327790e-06 2.0520287e-06 1.6568420e-06 2.1646927e-06 1.9493300e-06 2.3350524e-06 1.5682691e-06 2.3535917e-06 2.1783853e-06 8.9335724e-07 3.2252106e-07 8.9360005e-07 8.7595408e-07 7.9128885e-07 7.2134703e-07 6.3409505e-07 7.8370568e-07 5.7774573e-07 3.8053266e-07 2.2439613e-07 1.5390918e-07 1.3110266e-07 6.5295724e-08 7.3065012e-08 1.0572928e-07 2.1018876e-08 3.3683262e-09 3.3806475e-09 2.3965057e-09 1.3717982e-09 7.2856717e-10 3.4981899e-10 6.2420494e-11 0.0000000e+00 0.0000000e+00 0.0000000e+00
4.3603660e-06 4.3213642e-06 4.0782837e-06 4.1745009e-06 4.2445501e-06 3.0300619e-06 3.8768899e-06 3.7801401e-06 3.2776348e-06 2.4232327e-06 2.3238145e-06 2.8115694e-06 2.4954044e-06 1.7546396e-06 1.9850503e-06 1.4921488e-06 1.2060165e-06 1.5772358e-06 1.4216992e-06 1.7046297e-06 1.1459683e-06 1.7214067e-06 1.5947348e-06 6.5459822e-07 2.3653307e-07 6.5593550e-07 6.4354257e-07 5.8185057e-07 5.3087037e-07 4.6705293e-07 5.7774573e-07 4.5166662e-07 2.9776998e-07 1.7577743e-07 1.2070913e-07 1.0296685e-07 5.1368117e-08 5.7591558e-08 8.3536779e-08 1.6656612e-08 2.6795683e-09 2.7032451e-09 1.9305452e-09 1.1177067e-09 6.0599657e-10 3.0566249e-10 7.3929382e-11 0.0000000e+00 0.0000000e+00 0.0000000e+00
2.7678234e-06 2.7476260e-06 2.5975063e-06 2.6631016e-06 2.7119475e-06 1.9388681e-06 2.4844467e-06 2.4259037e-06 2.1064219e-06 1.5594679e-06 1.4974257e-06 1.8142041e-06 1.6121997e-06 1.1350412e-06 1.2856120e-06 9.6757533e-07 7.8295692e-07 1.0251196e-06 9.2506189e-07 1.1103622e-06 7.4728535e-07 1.1237114e-06 1.0421195e-06 4.2820765e-07 1.5488444e-07 4.2994471e-07 4.2223721e-07 3.8213819e-07 3.4898935e-07 3.0732888e-07 3.8053266e-07 2.9776998e-07 2.0887287e-07 1.2342958e-07 8.4863052e-08 7.2490033e-08 3.6223126e-08 4.0688829e-08 5.9156534e-08 1.1829572e-08 1.9101240e-09 1.9365071e-09 1.3926800e-09 8.1485020e-10 4.5007379e-10 2.3664406e-10 6.9328552e-11 0.0000000e+00 0.0000000e+00 0.0000000e+00
1.5629925e-06 1.5547294e-06 1.4728375e-06 1.5129940e-06 1.5435965e-06 1.1055489e-06 1.4191777e-06 1.3880968e-06 1.2073356e-06 8.9529558e-07 8.6099457e-07 1.0448187e-06 9.2984197e-07 6.5560441e-07 7.4360450e-07 5.6045393e-07 4.5413870e-07 5.9538460e-07 5.3796666e-07 6.4653759e-07 4.3568005e-07 6.5593645e-07 6.0904504e-07 2.5055426e-07 9.0730500e-08 2.5214730e-07 2.4790454e-07 2.2461355e-07 2.0535116e-07 1.8103211e-07 2.2439613e-07 1.7577743e-07 1.2342958e-07 7.7868509e-08 5.3601442e-08 4.5848879e-08 2.2947435e-08 2.5824319e-08 3.7630343e-08 7.5460923e-09 1.2228348e-09 1.2455581e-09 9.0169725e-10 5.3276069e-10 2.9923280e-10 1.6300475e-10 5.4587554e-11 0.0000000e+00 0.0000000e+00 0.0000000e+00
1.0173821e-06 1.0145962e-06 9.6366796e-07 9.9237650e-07 1.0147872e-06 7.2842507e-07 9.3714295e-07 9.1854407e-07 8.0059476e-07 5.9486262e-07 5.7314122e-07 6.9687097e-07 6.2128394e-07 4.3882893e-07 4.9856245e-07 3.7641319e-07 3.0551009e-07 4.0115953e-07 3.6302996e-07 4.3694470e-07 2.9488530e-07 4.4459764e-07 4.1340156e-07 1.7030569e-07 6.1753772e-08 1.7184766e-07 1.6917645e-07 1.5348205e-07 1.4049561e-07 1.2401133e-07 1.5390918e-07 1.2070913e-07 8.4863052e-08 5.3601442e-08 3.9575839e-08 3.3897963e-08 1.6993122e-08 1.9158714e-08 2.7979819e-08 5.6263264e-09 9.1492753e-10 9.3617432e-10 6.8201886e-10 4.0669446e-10 2.3196614e-10 1.3033601e-10 4.8268935e-11 0.0000000e+00 0.0000000e+00 0.0000000e+00
8.1273782e-07 8.1320626e-07 7.7499187e-07 8.0059604e-07 8.2108717e-07 5.9104974e-07 7.6253391e-07 7.4937222e-07 6.5484853e-07 4.8777742e-07 4.7105468e-07 5.7413076e-07 5.1297231e-07 3.6311496e-07 4.1338160e-07 3.1275479e-07 2.5434678e-07 3.3461126e-07 3.0336674e-07 3.6578429e-07 2.4730378e-07 3.7349289e-07 3.4787195e-07 1.4354609e-07 5.2133006e-08 1.4530266e-07 1.4326278e-07 1.3017057e-07 1.1933064e-07 1.0548202e-07 1.3110266e-07 1.0296685e-07 7.2490033e-08 4.5848879e-08 3.3897963e-08 3.1291935e-08 1.5711540e-08 1.7745952e-08 2.5973455e-08 5.2369521e-09 8.5450157e-10 8.7818266e-10 6.4363494e-10 3.8714028e-10 2.2394977e-10 1.2929931e-10 5.1794349e-11 7.6767091e-12 0.0000000e+00 0.0000000e+00
3.7294106e-07 3.7485351e-07 3.5887425e-07 3.7230582e-07 3.8333949e-07 2.7697790e-07 3.5865952e-07 3.5368872e-07 3.1012583e-07 2.3174701e-07 2.2447008e-07 2.7443667e-07 2.4588418e-07 1.7453393e-07 1.9920556e-07 1.5111060e-07 1.2319556e-07 1.6245542e-07 1.4762385e-07 1.7838922e-07 1.2087401e-07 1.8293151e-07 1.7073383e-07 7.0592948e-08 2.5687130e-08 7.1729644e-08 7.0852847e-08 6.4495701e-08 5.9228146e-08 5.2444874e-08 6.5295724e-08 5.1368117e-08 3.6223126e-08 2.2947435e-08 1.6993122e-08 1.5711540e-08 8.5558124e-09 9.6811621e-09 1.4200514e-08 2.8708408e-09 4.6999270e-10 4.8508604e-10 3.5760120e-10 2.1687229e-10 1.2711319e-10 7.5197777e-11 3.2106109e-11 9.7986120e-12 0.0000000e+00 0.0000000e+00
3.7581938e-07 3.8014756e-07 3.6624608e-07 3.8216117e-07 3.9558678e-07 2.8726669e-07 3.7381160e-07 3.7031402e-07 3.2614788e-07 2.4473858e-07 2.3796648e-07 2.9209246e-07 2.6262837e-07 1.8707091e-07 2.1420417e-07 1.6302187e-07 1.3331665e-07 1.7631498e-07 1.6066965e-07 1.9467646e-07 1.3226470e-07 2.0067535e-07 1.8775978e-07 7.7819399e-08 2.8381618e-08 7.9432557e-08 7.8632789e-08 7.1732207e-08 6.6008959e-08 5.8567184e-08 7.3065012e-08 5.7591558e-08 4.0688829e-08 2.5824319e-08 1.9158714e-08 1.7745952e-08 9.6811621e-09 1.1931360e-08 1.7537913e-08 3.5546054e-09 5.8378542e-10 6.0497370e-10 4.4841759e-10 2.7402686e-10 1.6253435e-10 9.8219547e-11 4.4149047e-11 1.8751113e-11 0.0000000e+00 0.0000000e+00
4.6986240e-07 4.8002607e-07 4.6700276e-07 4.9161101e-07 5.1296216e-07 3.7528486e-07 4.9186479e-07 4.9048401e-07 4.3473739e-07 3.2815557e-07 3.2079927e-07 3.9593914e-07 3.5773390e-07 2.5603167e-07 2.9445022e-07 2.2508405e-07 1.8482855e-07 2.4538663e-07 2.2444215e-07 2.7290468e-07 1.8606184e-07 2.8321849e-07 2.6583634e-07 1.1051797e-07 4.0424685e-08 1.1346053e-07 1.1262650e-07 1.0302060e-07 9.5043679e-08 8.4539912e-08 1.0572928e-07 8.3536779e-08 5.9156534e-08 3.7630343e-08 2.7979819e-08 2.5973455e-08 1.4200514e-08 1.7537913e-08 2.8315551e-08 5.7536637e-09 9.4792782e-10 9.8625178e-10 7.3492436e-10 4.5241537e-10 2.7137612e-10 1.6721753e-10 7.8543740e-11 4.1014001e-11 0.0000000e+00 0.0000000e+00
7.4929698e-08 7.7924626e-08 7.7107498e-08 8.2393845e-08 8.7118949e-08 6.4512261e-08 8.5525985e-08 8.6170894e-08 7.7128061e-08 5.8743108e-08 5.7891053e-08 7.2033503e-08 6.5545248e-08 4.7233942e-08 5.4660463e-08 4.2044038e-08 3.4723186e-08 4.6346644e-08 4.2606381e-08 5.2054005e-08 3.5656720e-08 5.4512337e-08 5.1383394e-08 2.1448465e-08 7.8752218e-09 2.2185385e-08 2.2100337e-08 2.0285534e-08 1.8775909e-08 1.6753947e-08 2.1018876e-08 1.6656612e-08 1.1829572e-08 7.5460923e-09 5.6263264e-09 5.2369521e-09 2.8708408e-09 3.5546054e-09 5.7536637e-09 1.2961936e-09 2.1421679e-10 2.2374993e-10 1.6759554e-10 1.0389985e-10 6.2987356e-11 3.9509986e-11 1.9276029e-11 1.1620934e-11 0.0000000e+00 0.0000000e+00
8.1670177e-09 8.8494855e-09 9.0868169e-09 1.0015910e-08 1.0872992e-08 8.2402658e-09 1.1158355e-08 1.1452797e-08 1.0427568e-08 8.0640068e-09 8.0543248e-09 1.0155392e-08 9.3456983e-09 6.8076254e-09 7.9538779e-09 6.1759709e-09 5.1445156e-09 6.9208588e-09 6.4094906e-09 7.8846952e-09 5.4371884e-09 8.3634405e-09 7.9299041e-09 3.3285912e-09 1.2285262e-09 3.4782647e-09 3.4814207e-09 3.2103058e-09 2.9842181e-09 2.6739485e-09 3.3683262e-09 2.6795683e-09 1.9101240e-09 1.2228348e-09 9.1492753e-10 8.5450157e-10 4.6999270e-10 5.8378542e-10 9.4792782e-10 2.1421679e-10 3.9684849e-11 4.1610449e-11 3.1324860e-11 1.9551737e-11 1.1972386e-11 7.6341963e-12 3.8500761e-12 2.5829609e-12 0.0000000e+00 0.0000000e+00
3.0259443e-09 3.9835807e-09 4.7176201e-09 5.7604372e-09 6.7551210e-09 5.4457421e-09 7.7694299e-09 8.3222323e-09 7.8639900e-09 6.2762780e-09 6.4373641e-09 8.3235678e-09 7.8206659e-09 5.8069555e-09 6.8983417e-09 5.4423196e-09 4.5979115e-09 6.2645008e-09 5.8697672e-09 7.2981283e-09 5.0842827e-09 7.8927861e-09 7.5490613e-09 3.1945810e-09 1.1879201e-09 3.3873209e-09 3.4130874e-09 3.1675202e-09 2.9619231e-09 2.6690374e-09 3.3806475e-09 2.7032451e-09 1.9365071e-09 1.2455581e-09 9.3617432e-10 8.7818266e-10 4.8508604e-10 6.0497370e-10 9.8625178e-10 2.2374993e-10 4.1610449e-11 4.9509659e-11 3.7454051e-11 2.3529803e-11 1.4545355e-11 9.4159409e-12 4.8888109e-12 3.5627108e-12 1.6003851e-12 0.0000000e+00
0.0000000e+00 0.0000000e+00 0.0000000e+00 0.0000000e+00 5.2073758e-10 9.6085848e-10 1.9869753e-09 2.6429573e-09 2.9039860e-09 2.5837717e-09 2.8732968e-09 3.9819565e-09 3.9434221e-09 3.0637218e-09 3.7767687e-09 3.0817064e-09 2.6789949e-09 3.7410881e-09 3.5829133e-09 4.5418385e-09 3.2215142e-09 5.0805737e-09 4.9307321e-09 2.1145424e-09 7.9580823e-10 2.2948201e-09 2.3362839e-09 2.1894471e-09 2.0655845e-09 1.8769707e-09 2.3965057e-09 1.9305452e-09 1.3926800e-09 9.0169725e-10 6.8201886e-10 6.4363494e-10 3.5760120e-10 4.4841759e-10 7.3492436e-10 1.6759554e-10 3.1324860e-11 3.7454051e-11 3.2724887e-11 2.0690172e-11 1.2907293e-11 8.4751889e-12 4.5174500e-12 3.5216004e-12 3.8570583e-12 0.0000000e+00
0.0000000e+00 0.0000000e+00 0.0000000e+00 0.0000000e+00 0.0000000e+00 0.0000000e+00 0.0000000e+00 0.0000000e+00 0.0000000e+00 0.0000000e+00 1.4583750e-10 5.7784625e-10 8.3778429e-10 8.2005517e-10 1.1744478e-09 1.0755438e-09 1.0187458e-09 1.5208707e-09 1.5382146e-09 2.0395604e-09 1.5046585e-09 2.4518720e-09 2.4493075e-09 1.0773119e-09 4.1447493e-10 1.2192144e-09 1.2635228e-09 1.2036322e-09 1.1521386e-09 1.0610323e-09 1.3717982e-09 1.1177067e-09 8.1485020e-10 5.3276069e-10 4.0669446e-10 3.8714028e-10 2.1687229e-10 2.7402686e-10 4.5241537e-10 1.0389985e-10 1.9551737e-11 2.3529803e-11 2.0690172e-11 1.5399858e-11 9.6908703e-12 6.4479892e-12 3.5186907e-12 2.8991711e-12 4.6223997e-12 0.0000000e+00
0.0000000e+00 0.0000000e+00 0.0000000e+00 0.0000000e+00 0.0000000e+00 0.0000000e+00 0.0000000e+00 0.0000000e+00 0.0000000e+00 0.0000000e+00 0.0000000e+00 0.0000000e+00 0.0000000e+00 0.0000000e+00 0.0000000e+00 0.0000000e+00 3.6626920e-11 1.9959518e-10 3.1452910e-10 5.3419091e-10 4.6654679e-10 8.5501821e-10 9.3519505e-10 4.4174679e-10 1.7989397e-10 5.5504424e-10 5.9873789e-10 5.9060650e-10 5.8227627e-10 5.5041067e-10 7.2856717e-10 6.0599657e-10 4.5007379e-10 2.9923280e-10 2.3196614e-10 2.2394977e-10 1.2711319e-10 1.6253435e-10 2.7137612e-10 6.2987356e-11 1.1972386e-11 1.4545355e-11 1.2907293e-11 9.6908703e-12 7.4032197e-12 4.9891927e-12 2.7829161e-12 2.4053996e-12 4.8211185e-12 0.0000000e+00
0.0000000e+00 0.0000000e+00 0.0000000e+00 0.0000000e+00 0.0000000e+00 0.0000000e+00 0.0000000e+00 0.0000000e+00 0.0000000e+00 0.0000000e+00 0.0000000e+00 0.0000000e+00 0.0000000e+00 0.0000000e+00 0.0000000e+00 0.0000000e+00 0.0000000e+00 0.0000000e+00 0.0000000e+00 0.0000000e+00 0.0000000e+00 0.0000000e+00 1.4949351e-11 5.7274284e-11 3.8609098e-11 1.5670631e-10 2.0162071e-10 2.2582494e-10 2.4440322e-10 2.4871675e-10 3.4981899e-10 3.0566249e-10 2.3664406e-10 1.6300475e-10 1.3033601e-10 1.2929931e-10 7.5197777e-11 9.8219547e-11 1.6721753e-10 3.9509986e-11 7.6341963e-12 9.4159409e-12 8.4751889e-12 6.4479892e-12 4.9891927e-12 4.2530515e-12 2.4214380e-12 2.1826118e-12 5.1238781e-12 0.0000000e+00
0.0000000e+00 0.0000000e+00 0.0000000e+00 0.0000000e+00 0.0000000e+00 0.0000000e+00 0.0000000e+00 0.0000000e+00 0.0000000e+00 0.0000000e+00 0.0000000e+00 0.0000000e+00 0.0000000e+00 0.0000000e+00 0.0000000e+00 0.0000000e+00 0.0000000e+00 0.0000000e+00 0.0000000e+00 0.0000000e+00 0.0000000e+00 0.0000000e+00 0.0000000e+00 0.0000000e+00 0.0000000e+00 0.0000000e+00 0.0000000e+00 0.0000000e+00 0.0000000e+00 2.3850039e-11 6.2420494e-11 7.3929382e-11 6.9328552e-11 5.4587554e-11 4.8268935e-11 5.1794349e-11 3.2106109e-11 4.4149047e-11 7.8543740e-11 1.9276029e-11 3.8500761e-12 4.8888109e-12 4.5174500e-12 3.5186907e-12 2.7829161e-12 2.4214380e-12 1.8638505e-12 1.7452905e-12 4.6203317e-12 0.0000000e+00
0.0000000e+00 0.0000000e+00 0.0000000e+00 0.0000000e+00 0.0000000e+00 0.0000000e+00 0.0000000e+00 0.0000000e+00 0.0000000e+00 0.0000000e+00 0.0000000e+00 0.0000000e+00 0.0000000e+00 0.0000000e+00 0.0000000e+00 0.0000000e+00 0.0000000e+00 0.0000000e+00 0.0000000e+00 0.0000000e+00 0.0000000e+00 0.0000000e+00 0.0000000e+00 0.0000000e+00 0.0000000e+00 0.0000000e+00 0.0000000e+00 0.0000000e+00 0.0000000e+00 0.0000000e+00 0.0000000e+00 0.0000000e+00 0.0000000e+00 0.0000000e+00 0.0000000e+00 7.6767091e-12 9.7986120e-12 1.8751113e-11 4.1014001e-11 1.1620934e-11 2.5829609e-12 3.5627108e-12 3.5216004e-12 2.8991711e-12 2.4053996e-12 2.1826118e-12 1.7452905e-12 2.4717119e-12 7.2092220e-12 1.3058148e-11
0.0000000e+00 0.0000000e+00 0.0000000e+00 0.0000000e+00 0.0000000e+00 0.0000000e+00 0.0000000e+00 0.0000000e+00 0.0000000e+00 0.0000000e+00 0.0000000e+00 0.0000000e+00 0.0000000e+00 0.0000000e+00 0.0000000e+00 0.0000000e+00 0.0000000e+00 0.0000000e+00 0.0000000e+00 0.0000000e+00 0.0000000e+00 0.0000000e+00 0.0000000e+00 0.0000000e+00 0.0000000e+00 0.0000000e+00 0.0000000e+00 0.0000000e+00 0.0000000e+00 0.0000000e+00 0.0000000e+00 0.0000000e+00 0.0000000e+00 0.0000000e+00 0.0000000e+00 0.0000000e+00 0.0000000e+00 0.0000000e+00 0.0000000e+00 0.0000000e+00 0.0000000e+00 1.6003851e-12 3.8570583e-12 4.6223997e-12 4.8211185e-12 5.1238781e-12 4.6203317e-12 7.2092220e-12 4.1324568e-11 2.4966955e-10
0.0000000e+00 0.0000000e+00 0.0000000e+00 0.0000000e+00 0.0000000e+00 0.0000000e+00 0.0000000e+00 0.0000000e+00 0.0000000e+00 0.0000000e+00 0.0000000e+00 0.0000000e+00 0.0000000e+00 0.0000000e+00 0.0000000e+00 0.0000000e+00 0.0000000e+00 0.0000000e+00 0.0000000e+00 0.0000000e+00 0.0000000e+00 0.0000000e+00 0.0000000e+00 0.0000000e+00 0.0000000e+00 0.0000000e+00 0.0000000e+00 0.0000000e+00 0.0000000e+00 0.0000000e+00 0.0000000e+00 0.0000000e+00 0.0000000e+00 0.0000000e+00 0.0000000e+00 0.0000000e+00 0.0000000e+00 0.0000000e+00 0.0000000e+00 0.0000000e+00 0.0000000e+00 0.0000000e+00 0.0000000e+00 0.0000000e+00 0.0000000e+00 0.0000000e+00 0.0000000e+00 1.3058148e-11 2.4966955e-10 1.1343235e-08
</Matrix>
</arts>
