<?xml version="1.0"?>
<arts version="1" format="ascii">
<Matrix ncols="50" nrows="50">
1.9650248e-04 1.7707743e-04 1.6102433e-04 1.4235286e-04 1.3222254e-04 1.2114802e-04 1.0554102e-04 8.6090234e-05 8.1407745e-05 7.2391003e-05 6.3137285e-05 5.9228013e-05 5.6944813e-05 4.9298944e-05 5.7524060e-05 4.7772245e-05 5.8527109e-05 2.8768594e-05 3.4965736e-05 2.3255297e-05 2.9002169e-05 2.9845418e-05 1.4104858e-05 1.7305935e-05 3.1365296e-05 2.1972916e-05 2.0762764e-05 1.1885420e-05 1.1070451e-05 1.2863030e-05 3.1991180e-06 2.8064726e-06 7.2035363e-06 4.9987027e-06 2.7985333e-06 1.1488518e-06 3.4357426e-07 2.4192424e-07 2.0794414e-07 1.5972431e-07 4.5828561e-08 8.2895270e-09 0.0000000e+00 0.0000000e+00 0.0000000e+00 0.0000000e+00 0.0000000e+00 0.0000000e+00 0.0000000e+00 0.0000000e+00
1.7707743e-04 1.6313779e-04 1.4836818e-04 1.3118120e-04 1.2186287e-04 1.1167283e-04 9.7301735e-05 7.9382186e-05 7.5077744e-05 6.6774083e-05 5.8249145e-05 5.4653517e-05 5.2558286e-05 4.5511611e-05 5.3117608e-05 4.4124060e-05 5.4072792e-05 2.6586905e-05 3.2324627e-05 2.1506016e-05 2.6830837e-05 2.7622298e-05 1.3060088e-05 1.6031695e-05 2.9071939e-05 2.0378735e-05 1.9269180e-05 1.1038861e-05 1.0291068e-05 1.1969216e-05 2.9802482e-06 2.6180488e-06 6.7311181e-06 4.6801173e-06 2.6268600e-06 1.0818693e-06 3.2493915e-07 2.3023064e-07 1.9979638e-07 1.5606860e-07 4.6459204e-08 9.8189132e-09 0.0000000e+00 0.0000000e+00 0.0000000e+00 0.0000000e+00 0.0000000e+00 0.0000000e+00 0.0000000e+00 0.0000000e+00
1.6102433e-04 1.4836818e-04 1.3819470e-04 1.2220288e-04 1.1353899e-04 1.0406147e-04 9.0684866e-05 7.3996451e-05 6.9997002e-05 6.2267023e-05 5.4328067e-05 5.0985261e-05 4.9042065e-05 4.2476850e-05 4.9588190e-05 4.1203260e-05 5.0508311e-05 2.4841938e-05 3.0213408e-05 2.0108532e-05 2.5097359e-05 2.5848787e-05 1.2227297e-05 1.5016887e-05 2.7247393e-05 1.9111911e-05 1.8083822e-05 1.0368018e-05 9.6745676e-06 1.1263646e-05 2.8079015e-06 2.4701301e-06 6.3617016e-06 4.4322130e-06 2.4941827e-06 1.0305952e-06 3.1088164e-07 2.2163751e-07 1.9414994e-07 1.5411039e-07 4.7432481e-08 1.1288578e-08 0.0000000e+00 0.0000000e+00 0.0000000e+00 0.0000000e+00 0.0000000e+00 0.0000000e+00 0.0000000e+00 0.0000000e+00
1.4235286e-04 1.3118120e-04 1.2220288e-04 1.1052974e-04 1.0270739e-04 9.4147827e-05 8.2058102e-05 6.6967724e-05 6.3359000e-05 5.6371893e-05 4.9193393e-05 4.6175527e-05 4.4425171e-05 3.8486390e-05 4.4940110e-05 3.7350343e-05 4.5797691e-05 2.2531448e-05 2.7411946e-05 1.8249970e-05 2.2786044e-05 2.3477518e-05 1.1110392e-05 1.3651383e-05 2.4782823e-05 1.7393300e-05 1.6468039e-05 9.4484638e-06 8.8238987e-06 1.0282753e-05 2.5661369e-06 2.2603277e-06 5.8303580e-06 4.0694024e-06 2.2953350e-06 9.5119583e-07 2.8802883e-07 2.0645835e-07 1.8231887e-07 1.4668564e-07 4.6375196e-08 1.2001566e-08 1.9478507e-10 0.0000000e+00 0.0000000e+00 0.0000000e+00 0.0000000e+00 0.0000000e+00 0.0000000e+00 0.0000000e+00
1.3222254e-04 1.2186287e-04 1.1353899e-04 1.0270739e-04 9.7734706e-05 8.9603054e-05 7.8109190e-05 6.3755266e-05 6.0330242e-05 5.3686740e-05 4.6858809e-05 4.3992964e-05 4.2334651e-05 3.6683513e-05 4.2845120e-05 3.5618166e-05 4.3685873e-05 2.1498703e-05 2.6163905e-05 1.7424871e-05 2.1764006e-05 2.2433478e-05 1.0620974e-05 1.3056088e-05 2.3714844e-05 1.6653581e-05 1.5777763e-05 9.0590537e-06 8.4673985e-06 9.8765312e-06 2.4674381e-06 2.1761796e-06 5.6220009e-06 3.9311004e-06 2.2224545e-06 9.2365241e-07 2.8074155e-07 2.0229835e-07 1.8003769e-07 1.4670353e-07 4.7522603e-08 1.3171675e-08 1.0514370e-09 0.0000000e+00 0.0000000e+00 0.0000000e+00 0.0000000e+00 0.0000000e+00 0.0000000e+00 0.0000000e+00
1.2114802e-04 1.1167283e-04 1.0406147e-04 9.4147827e-05 8.9603054e-05 8.4230245e-05 7.3437415e-05 5.9951910e-05 5.6741428e-05 5.0502387e-05 4.4087777e-05 4.1399897e-05 3.9848308e-05 3.4536954e-05 4.0347852e-05 3.3550800e-05 4.1161915e-05 2.0262607e-05 2.4667672e-05 1.6433984e-05 2.0534204e-05 2.1174519e-05 1.0029408e-05 1.2334712e-05 2.2416774e-05 1.5751450e-05 1.4932761e-05 8.5802442e-06 8.0267312e-06 9.3713564e-06 2.3437920e-06 2.0697938e-06 5.3554616e-06 3.7515161e-06 2.1258044e-06 8.8600767e-07 2.7029604e-07 1.9577410e-07 1.7553715e-07 1.4476079e-07 4.7942298e-08 1.4070980e-08 1.8245704e-09 0.0000000e+00 0.0000000e+00 0.0000000e+00 0.0000000e+00 0.0000000e+00 0.0000000e+00 0.0000000e+00
1.0554102e-04 9.7301735e-05 9.0684866e-05 8.2058102e-05 7.8109190e-05 7.3437415e-05 6.5676514e-05 5.3624930e-05 5.0762313e-05 4.5188911e-05 3.9456573e-05 3.7058555e-05 3.5677616e-05 3.0929150e-05 3.6141732e-05 3.0060916e-05 3.6890661e-05 1.8165311e-05 2.2121578e-05 1.4742673e-05 1.8427833e-05 1.9010120e-05 9.0081819e-06 1.1083885e-05 2.0154328e-05 1.4170018e-05 1.3442052e-05 7.7292912e-06 7.2367134e-06 8.4567501e-06 2.1172947e-06 1.8721109e-06 4.8512364e-06 3.4042394e-06 1.9332756e-06 8.0796048e-07 2.4735103e-07 1.8002224e-07 1.6253704e-07 1.3551266e-07 4.5764664e-08 1.4078086e-08 2.3721416e-09 0.0000000e+00 0.0000000e+00 0.0000000e+00 0.0000000e+00 0.0000000e+00 0.0000000e+00 0.0000000e+00
8.6090234e-05 7.9382186e-05 7.3996451e-05 6.6967724e-05 6.3755266e-05 5.9951910e-05 5.3624930e-05 4.4910778e-05 4.2520720e-05 3.7858880e-05 3.3062387e-05 3.1059105e-05 2.9908198e-05 2.5933288e-05 3.0310990e-05 2.5217433e-05 3.0955153e-05 1.5246920e-05 1.8573401e-05 1.2382044e-05 1.5482749e-05 1.5978195e-05 7.5746760e-06 9.3242311e-06 1.6963412e-05 1.1933298e-05 1.1327152e-05 6.5177396e-06 6.1072613e-06 7.1431547e-06 1.7902290e-06 1.5848050e-06 4.1125933e-06 2.8906911e-06 1.6450503e-06 6.8926535e-07 2.1170503e-07 1.5476993e-07 1.4062831e-07 1.1840630e-07 4.0677056e-08 1.3006656e-08 2.5899873e-09 0.0000000e+00 0.0000000e+00 0.0000000e+00 0.0000000e+00 0.0000000e+00 0.0000000e+00 0.0000000e+00
8.1407745e-05 7.5077744e-05 6.9997002e-05 6.3359000e-05 6.0330242e-05 5.6741428e-05 5.0762313e-05 4.2520720e-05 4.1358617e-05 3.6830911e-05 3.2170701e-05 3.0227604e-05 2.9114016e-05 2.5250369e-05 2.9519912e-05 2.4565562e-05 3.0163402e-05 1.4861272e-05 1.8109454e-05 1.2076780e-05 1.5106682e-05 1.5596331e-05 7.3968662e-06 9.1095276e-06 1.6581564e-05 1.1671422e-05 1.1085494e-05 6.3832215e-06 5.9861009e-06 7.0077055e-06 1.7580941e-06 1.5582369e-06 4.0494803e-06 2.8510784e-06 1.6259015e-06 6.8298612e-07 2.1045963e-07 1.5453973e-07 1.4129241e-07 1.2009505e-07 4.1922197e-08 1.3872818e-08 3.1258545e-09 0.0000000e+00 0.0000000e+00 0.0000000e+00 0.0000000e+00 0.0000000e+00 0.0000000e+00 0.0000000e+00
7.2391003e-05 6.6774083e-05 6.2267023e-05 5.6371893e-05 5.3686740e-05 5.0502387e-05 4.5188911e-05 3.7858880e-05 3.6830911e-05 3.3686853e-05 2.9429790e-05 2.7657670e-05 2.6644494e-05 2.3113605e-05 2.7028120e-05 2.2497493e-05 2.7631505e-05 1.3617636e-05 1.6599140e-05 1.1073129e-05 1.3856189e-05 1.4310789e-05 6.7900005e-06 8.3658165e-06 1.5235517e-05 1.0729886e-05 1.0197290e-05 5.8757511e-06 5.5144810e-06 6.4610774e-06 1.6225399e-06 1.4397336e-06 3.7466062e-06 2.6419733e-06 1.5096056e-06 6.3564761e-07 1.9646385e-07 1.4484960e-07 1.3318306e-07 1.1416662e-07 4.0415081e-08 1.3763592e-08 3.3934678e-09 3.0094818e-11 0.0000000e+00 0.0000000e+00 0.0000000e+00 0.0000000e+00 0.0000000e+00 0.0000000e+00
6.3137285e-05 5.8249145e-05 5.4328067e-05 4.9193393e-05 4.6858809e-05 4.4087777e-05 3.9456573e-05 3.3062387e-05 3.2170701e-05 2.9429790e-05 2.6407996e-05 2.4822582e-05 2.3918280e-05 2.0753068e-05 2.4273290e-05 2.0209273e-05 2.4827599e-05 1.2239116e-05 1.4923290e-05 9.9582794e-06 1.2465470e-05 1.2879227e-05 6.1132382e-06 7.5351900e-06 1.3729512e-05 9.6744104e-06 9.1994853e-06 5.3042667e-06 4.9818552e-06 5.8417843e-06 1.4683948e-06 1.3043791e-06 3.3987817e-06 2.4002784e-06 1.3740524e-06 5.7987520e-07 1.7973454e-07 1.3301862e-07 1.2294558e-07 1.0620976e-07 3.8071848e-08 1.3288993e-08 3.5122177e-09 4.9262373e-10 0.0000000e+00 0.0000000e+00 0.0000000e+00 0.0000000e+00 0.0000000e+00 0.0000000e+00
5.9228013e-05 5.4653517e-05 5.0985261e-05 4.6175527e-05 4.3992964e-05 4.1399897e-05 3.7058555e-05 3.1059105e-05 3.0227604e-05 2.7657670e-05 2.4822582e-05 2.3999811e-05 2.3130454e-05 2.0073861e-05 2.3484307e-05 1.9557170e-05 2.4032902e-05 1.1850654e-05 1.4454076e-05 9.6482349e-06 1.2081649e-05 1.2487396e-05 5.9296895e-06 7.3121066e-06 1.3329659e-05 9.3977447e-06 8.9416101e-06 5.1589886e-06 4.8490734e-06 5.6907699e-06 1.4317883e-06 1.2732604e-06 3.3220228e-06 2.3495783e-06 1.3475247e-06 5.6995485e-07 1.7715555e-07 1.3159919e-07 1.2225401e-07 1.0640123e-07 3.8593133e-08 1.3776263e-08 3.8581631e-09 9.3767755e-10 0.0000000e+00 0.0000000e+00 0.0000000e+00 0.0000000e+00 0.0000000e+00 0.0000000e+00
5.6944813e-05 5.2558286e-05 4.9042065e-05 4.4425171e-05 4.2334651e-05 3.9848308e-05 3.5677616e-05 2.9908198e-05 2.9114016e-05 2.6644494e-05 2.3918280e-05 2.3130454e-05 2.2972382e-05 1.9941156e-05 2.3334634e-05 1.9437433e-05 2.3892360e-05 1.1784732e-05 1.4378226e-05 9.6007422e-06 1.2026566e-05 1.2435309e-05 5.9074520e-06 7.2879184e-06 1.3292335e-05 9.3766334e-06 8.9268473e-06 5.1539527e-06 4.8480820e-06 5.6943875e-06 1.4340770e-06 1.2767201e-06 3.3354498e-06 2.3626386e-06 1.3575465e-06 5.7548437e-07 1.7937514e-07 1.3374081e-07 1.2486615e-07 1.0946234e-07 4.0152044e-08 1.4631775e-08 4.3057408e-09 1.4048526e-09 0.0000000e+00 0.0000000e+00 0.0000000e+00 0.0000000e+00 0.0000000e+00 0.0000000e+00
4.9298944e-05 4.5511611e-05 4.2476850e-05 3.8486390e-05 3.6683513e-05 3.4536954e-05 3.0929150e-05 2.5933288e-05 2.5250369e-05 2.3113605e-05 2.0753068e-05 2.0073861e-05 1.9941156e-05 1.7827505e-05 2.0866041e-05 1.7385304e-05 2.1375508e-05 1.0546188e-05 1.2870985e-05 8.5969823e-06 1.0772915e-05 1.1143166e-05 5.2957326e-06 6.5359953e-06 1.1926656e-05 8.4176722e-06 8.0183977e-06 4.6324041e-06 4.3606527e-06 5.1259134e-06 1.2920771e-06 1.1515038e-06 3.0120308e-06 2.1365484e-06 1.2297661e-06 5.2239952e-07 1.6324833e-07 1.2212829e-07 1.1454218e-07 1.0106401e-07 3.7440134e-08 1.3886551e-08 4.2520103e-09 1.6588473e-09 0.0000000e+00 0.0000000e+00 0.0000000e+00 0.0000000e+00 0.0000000e+00 0.0000000e+00
5.7524060e-05 5.3117608e-05 4.9588190e-05 4.4940110e-05 4.2845120e-05 4.0347852e-05 3.6141732e-05 3.0310990e-05 2.9519912e-05 2.7028120e-05 2.4273290e-05 2.3484307e-05 2.3334634e-05 2.0866041e-05 2.5177058e-05 2.0982234e-05 2.5804772e-05 1.2734958e-05 1.5546925e-05 1.0387557e-05 1.3021192e-05 1.3473680e-05 6.4058541e-06 7.9094167e-06 1.4439749e-05 1.0196694e-05 9.7184679e-06 5.6181203e-06 5.2923524e-06 6.2259782e-06 1.5707666e-06 1.4013156e-06 3.6699194e-06 2.6068062e-06 1.5029839e-06 6.3975384e-07 2.0042066e-07 1.5042619e-07 1.4169546e-07 1.2579055e-07 4.7031969e-08 1.7725886e-08 5.6161757e-09 2.4882659e-09 0.0000000e+00 0.0000000e+00 0.0000000e+00 0.0000000e+00 0.0000000e+00 0.0000000e+00
4.7772245e-05 4.4124060e-05 4.1203260e-05 3.7350343e-05 3.5618166e-05 3.3550800e-05 3.0060916e-05 2.5217433e-05 2.4565562e-05 2.2497493e-05 2.0209273e-05 1.9557170e-05 1.9437433e-05 1.7385304e-05 2.0982234e-05 1.8039395e-05 2.2191337e-05 1.0954646e-05 1.3377494e-05 8.9408125e-06 1.1211478e-05 1.1605307e-05 5.5197410e-06 6.8181333e-06 1.2453345e-05 8.7985044e-06 8.3904685e-06 4.8534342e-06 4.5752389e-06 5.3864791e-06 1.3601526e-06 1.2146435e-06 3.1848028e-06 2.2652540e-06 1.3082043e-06 5.5793321e-07 1.7520782e-07 1.3191237e-07 1.2476851e-07 1.1140285e-07 4.2009466e-08 1.6063767e-08 5.2416027e-09 2.5538996e-09 0.0000000e+00 0.0000000e+00 0.0000000e+00 0.0000000e+00 0.0000000e+00 0.0000000e+00
5.8527109e-05 5.4072792e-05 5.0508311e-05 4.5797691e-05 4.3685873e-05 4.1161915e-05 3.6890661e-05 3.0955153e-05 3.0163402e-05 2.7631505e-05 2.4827599e-05 2.4032902e-05 2.3892360e-05 2.1375508e-05 2.5804772e-05 2.2191337e-05 2.8213177e-05 1.3931152e-05 1.7017505e-05 1.1377174e-05 1.4271580e-05 1.4778400e-05 7.0317620e-06 8.6894802e-06 1.5879012e-05 1.1224661e-05 1.0710099e-05 6.1991220e-06 5.8479811e-06 6.8902279e-06 1.7414013e-06 1.5566850e-06 4.0864948e-06 2.9105143e-06 1.6836125e-06 7.1944009e-07 2.2646460e-07 1.7102780e-07 1.6241960e-07 1.4583329e-07 5.5444165e-08 2.1490252e-08 7.2000724e-09 3.7859063e-09 2.6766493e-10 0.0000000e+00 0.0000000e+00 0.0000000e+00 0.0000000e+00 0.0000000e+00
2.8768594e-05 2.6586905e-05 2.4841938e-05 2.2531448e-05 2.1498703e-05 2.0262607e-05 1.8165311e-05 1.5246920e-05 1.4861272e-05 1.3617636e-05 1.2239116e-05 1.1850654e-05 1.1784732e-05 1.0546188e-05 1.2734958e-05 1.0954646e-05 1.3931152e-05 7.1100151e-06 8.6877599e-06 5.8100301e-06 7.2905962e-06 7.5522231e-06 3.5948479e-06 4.4441309e-06 8.1249078e-06 5.7462843e-06 5.4858170e-06 3.1771778e-06 2.9992753e-06 3.5364444e-06 8.9453783e-07 8.0042763e-07 2.1036097e-06 1.5001694e-06 8.6914091e-07 3.7208549e-07 1.1738774e-07 8.8907691e-08 8.4750360e-08 7.6488698e-08 2.9297121e-08 1.1493606e-08 3.9391941e-09 2.1986027e-09 2.9003225e-10 0.0000000e+00 0.0000000e+00 0.0000000e+00 0.0000000e+00 0.0000000e+00
3.4965736e-05 3.2324627e-05 3.0213408e-05 2.7411946e-05 2.6163905e-05 2.4667672e-05 2.2121578e-05 1.8573401e-05 1.8109454e-05 1.6599140e-05 1.4923290e-05 1.4454076e-05 1.4378226e-05 1.2870985e-05 1.5546925e-05 1.3377494e-05 1.7017505e-05 8.6877599e-06 1.0995826e-05 7.3558732e-06 9.2335763e-06 9.5684658e-06 4.5563950e-06 5.6351935e-06 1.0307356e-05 7.2935662e-06 6.9667999e-06 4.0374073e-06 3.8140143e-06 4.5005085e-06 1.1393736e-06 1.0205098e-06 2.6850932e-06 1.9173285e-06 1.1125738e-06 4.7718247e-07 1.5088240e-07 1.1460370e-07 1.0965084e-07 9.9462430e-08 3.8371587e-08 1.5227182e-08 5.3286315e-09 3.1287507e-09 5.6675816e-10 0.0000000e+00 0.0000000e+00 0.0000000e+00 0.0000000e+00 0.0000000e+00
2.3255297e-05 2.1506016e-05 2.0108532e-05 1.8249970e-05 1.7424871e-05 1.6433984e-05 1.4742673e-05 1.2382044e-05 1.2076780e-05 1.1073129e-05 9.9582794e-06 9.6482349e-06 9.6007422e-06 8.5969823e-06 1.0387557e-05 8.9408125e-06 1.1377174e-05 5.8100301e-06 7.3558732e-06 5.0957374e-06 6.3986359e-06 6.6330527e-06 3.1597904e-06 3.9094785e-06 7.1540950e-06 5.0647849e-06 4.8404117e-06 2.8067747e-06 2.6532435e-06 3.1330578e-06 7.9382746e-07 7.1167501e-07 1.8745412e-06 1.3401746e-06 7.7881531e-07 3.3461225e-07 1.0602396e-07 8.0745375e-08 7.7520422e-08 7.0642563e-08 2.7430824e-08 1.0996841e-08 3.9179113e-09 2.3964921e-09 5.2505050e-10 0.0000000e+00 0.0000000e+00 0.0000000e+00 0.0000000e+00 0.0000000e+00
2.9002169e-05 2.6830837e-05 2.5097359e-05 2.2786044e-05 2.1764006e-05 2.0534204e-05 1.8427833e-05 1.5482749e-05 1.5106682e-05 1.3856189e-05 1.2465470e-05 1.2081649e-05 1.2026566e-05 1.0772915e-05 1.3021192e-05 1.1211478e-05 1.4271580e-05 7.2905962e-06 9.2335763e-06 6.3986359e-06 8.3413336e-06 8.6500840e-06 4.1222686e-06 5.1024102e-06 9.3414597e-06 6.6166935e-06 6.3269837e-06 3.6710052e-06 3.4725776e-06 4.1035806e-06 1.0405956e-06 9.3379328e-07 2.4623181e-06 1.7625794e-06 1.0258212e-06 4.4150825e-07 1.4018948e-07 1.0704962e-07 1.0312476e-07 9.4404522e-08 3.6891219e-08 1.4934857e-08 5.4109791e-09 3.4317395e-09 8.6270786e-10 0.0000000e+00 0.0000000e+00 0.0000000e+00 0.0000000e+00 0.0000000e+00
2.9845418e-05 2.7622298e-05 2.5848787e-05 2.3477518e-05 2.2433478e-05 2.1174519e-05 1.9010120e-05 1.5978195e-05 1.5596331e-05 1.4310789e-05 1.2879227e-05 1.2487396e-05 1.2435309e-05 1.1143166e-05 1.3473680e-05 1.1605307e-05 1.4778400e-05 7.5522231e-06 9.5684658e-06 6.6330527e-06 8.6500840e-06 9.3204960e-06 4.4434808e-06 5.5022187e-06 1.0078062e-05 7.1419876e-06 6.8328910e-06 3.9668909e-06 3.7549826e-06 4.4404916e-06 1.1269438e-06 1.0122155e-06 2.6719765e-06 1.9149547e-06 1.1161160e-06 4.8118082e-07 1.5309544e-07 1.1720226e-07 1.1327088e-07 1.0413887e-07 4.0936785e-08 1.6722123e-08 6.1501856e-09 4.0226632e-09 1.1182803e-09 0.0000000e+00 0.0000000e+00 0.0000000e+00 0.0000000e+00 0.0000000e+00
1.4104858e-05 1.3060088e-05 1.2227297e-05 1.1110392e-05 1.0620974e-05 1.0029408e-05 9.0081819e-06 7.5746760e-06 7.3968662e-06 6.7900005e-06 6.1132382e-06 5.9296895e-06 5.9074520e-06 5.2957326e-06 6.4058541e-06 5.5197410e-06 7.0317620e-06 3.5948479e-06 4.5563950e-06 3.1597904e-06 4.1222686e-06 4.4434808e-06 2.2041578e-06 2.7304352e-06 5.0034525e-06 3.5475313e-06 3.3957806e-06 1.9726074e-06 1.8684704e-06 2.2111488e-06 5.6161264e-07 5.0489823e-07 1.3342037e-06 9.5732558e-07 5.5875977e-07 2.4128939e-07 7.6921054e-08 5.9032019e-08 5.7229729e-08 5.2832106e-08 2.0884808e-08 8.6028861e-09 3.2076252e-09 2.1552175e-09 6.4775117e-10 4.0668649e-11 0.0000000e+00 0.0000000e+00 0.0000000e+00 0.0000000e+00
1.7305935e-05 1.6031695e-05 1.5016887e-05 1.3651383e-05 1.3056088e-05 1.2334712e-05 1.1083885e-05 9.3242311e-06 9.1095276e-06 8.3658165e-06 7.5351900e-06 7.3121066e-06 7.2879184e-06 6.5359953e-06 7.9094167e-06 6.8181333e-06 8.6894802e-06 4.4441309e-06 5.6351935e-06 3.9094785e-06 5.1024102e-06 5.5022187e-06 2.7304352e-06 3.5194485e-06 6.4521366e-06 4.5768418e-06 4.3832682e-06 2.5476732e-06 2.4147092e-06 2.8595099e-06 7.2684600e-07 6.5401385e-07 1.7299813e-06 1.2426950e-06 7.2629295e-07 3.1412242e-07 1.0032478e-07 7.7170519e-08 7.5031663e-08 6.9529449e-08 2.7626751e-08 1.1466515e-08 4.3274660e-09 2.9751087e-09 9.4998314e-10 1.2368573e-10 0.0000000e+00 0.0000000e+00 0.0000000e+00 0.0000000e+00
3.1365296e-05 2.9071939e-05 2.7247393e-05 2.4782823e-05 2.3714844e-05 2.2416774e-05 2.0154328e-05 1.6963412e-05 1.6581564e-05 1.5235517e-05 1.3729512e-05 1.3329659e-05 1.3292335e-05 1.1926656e-05 1.4439749e-05 1.2453345e-05 1.5879012e-05 8.1249078e-06 1.0307356e-05 7.1540950e-06 9.3414597e-06 1.0078062e-05 5.0034525e-06 6.4521366e-06 1.2352812e-05 8.7668464e-06 8.4004768e-06 4.8854526e-06 4.6335406e-06 5.4909399e-06 1.3968259e-06 1.2579935e-06 3.3310747e-06 2.3955711e-06 1.4020252e-06 6.0734483e-07 1.9434171e-07 1.4984060e-07 1.4611661e-07 1.3592017e-07 5.4283747e-08 2.2699321e-08 8.6676944e-09 6.0880978e-09 2.0483793e-09 3.7943285e-10 0.0000000e+00 0.0000000e+00 0.0000000e+00 0.0000000e+00
2.1972916e-05 2.0378735e-05 1.9111911e-05 1.7393300e-05 1.6653581e-05 1.5751450e-05 1.4170018e-05 1.1933298e-05 1.1671422e-05 1.0729886e-05 9.6744104e-06 9.3977447e-06 9.3766334e-06 8.4176722e-06 1.0196694e-05 8.7985044e-06 1.1224661e-05 5.7462843e-06 7.2935662e-06 5.0647849e-06 6.6166935e-06 7.1419876e-06 3.5475313e-06 4.5768418e-06 8.7668464e-06 6.5063020e-06 6.2376320e-06 3.6297081e-06 3.4447839e-06 4.0850459e-06 1.0399929e-06 9.3745321e-07 2.4848288e-06 1.7889980e-06 1.0484295e-06 4.5487255e-07 1.4581884e-07 1.1268299e-07 1.1019202e-07 1.0287559e-07 4.1285219e-08 1.7384204e-08 6.7095830e-09 4.8030504e-09 1.6874866e-09 3.8583703e-10 0.0000000e+00 0.0000000e+00 0.0000000e+00 0.0000000e+00
2.0762764e-05 1.9269180e-05 1.8083822e-05 1.6468039e-05 1.5777763e-05 1.4932761e-05 1.3442052e-05 1.1327152e-05 1.1085494e-05 1.0197290e-05 9.1994853e-06 8.9416101e-06 8.9268473e-06 8.0183977e-06 9.7184679e-06 8.3904685e-06 1.0710099e-05 5.4858170e-06 6.9667999e-06 4.8404117e-06 6.3269837e-06 6.8328910e-06 3.3957806e-06 4.3832682e-06 8.4004768e-06 6.2376320e-06 6.2572673e-06 3.6431721e-06 3.4597339e-06 4.1055229e-06 1.0459903e-06 9.4366009e-07 2.5037215e-06 1.8045458e-06 1.0588989e-06 4.6009222e-07 1.4774841e-07 1.1441858e-07 1.1218617e-07 1.0509421e-07 4.2365050e-08 1.7953050e-08 6.9964403e-09 5.0925556e-09 1.8545500e-09 4.8818009e-10 0.0000000e+00 0.0000000e+00 0.0000000e+00 0.0000000e+00
1.1885420e-05 1.1038861e-05 1.0368018e-05 9.4484638e-06 9.0590537e-06 8.5802442e-06 7.7292912e-06 6.5177396e-06 6.3832215e-06 5.8757511e-06 5.3042667e-06 5.1589886e-06 5.1539527e-06 4.6324041e-06 5.6181203e-06 4.8534342e-06 6.1991220e-06 3.1771778e-06 4.0374073e-06 2.8067747e-06 3.6710052e-06 3.9668909e-06 1.9726074e-06 2.5476732e-06 4.8854526e-06 3.6297081e-06 3.6431721e-06 2.2259986e-06 2.1152633e-06 2.5117981e-06 6.4043239e-07 5.7827375e-07 1.5357861e-06 1.1081123e-06 6.5107255e-07 2.8330878e-07 9.1135994e-08 7.0727226e-08 6.9529228e-08 6.5351984e-08 2.6459773e-08 1.1282086e-08 4.4372685e-09 3.2800100e-09 1.2328287e-09 3.6083974e-10 0.0000000e+00 0.0000000e+00 0.0000000e+00 0.0000000e+00
1.1070451e-05 1.0291068e-05 9.6745676e-06 8.8238987e-06 8.4673985e-06 8.0267312e-06 7.2367134e-06 6.1072613e-06 5.9861009e-06 5.5144810e-06 4.9818552e-06 4.8490734e-06 4.8480820e-06 4.3606527e-06 5.2923524e-06 4.5752389e-06 5.8479811e-06 2.9992753e-06 3.8140143e-06 2.6532435e-06 3.4725776e-06 3.7549826e-06 1.8684704e-06 2.4147092e-06 4.6335406e-06 3.4447839e-06 3.4597339e-06 2.1152633e-06 2.1162230e-06 2.5146648e-06 6.4165544e-07 5.7987988e-07 1.5415784e-06 1.1135063e-06 6.5508754e-07 2.8547678e-07 9.1992187e-08 7.1542631e-08 7.0513356e-08 6.6495223e-08 2.7037737e-08 1.1597249e-08 4.6012403e-09 3.4503200e-09 1.3337659e-09 4.2426189e-10 1.4837502e-11 0.0000000e+00 0.0000000e+00 0.0000000e+00
1.2863030e-05 1.1969216e-05 1.1263646e-05 1.0282753e-05 9.8765312e-06 9.3713564e-06 8.4567501e-06 7.1431547e-06 7.0077055e-06 6.4610774e-06 5.8417843e-06 5.6907699e-06 5.6943875e-06 5.1259134e-06 6.2259782e-06 5.3864791e-06 6.8902279e-06 3.5364444e-06 4.5005085e-06 3.1330578e-06 4.1035806e-06 4.4404916e-06 2.2111488e-06 2.8595099e-06 5.4909399e-06 4.0850459e-06 4.1055229e-06 2.5117981e-06 2.5146648e-06 3.1476108e-06 8.0375170e-07 7.2697175e-07 1.9344423e-06 1.3987313e-06 8.2389922e-07 3.5954463e-07 1.1604908e-07 9.0431348e-08 8.9347038e-08 8.4514114e-08 3.4500265e-08 1.4878911e-08 5.9500006e-09 4.5185788e-09 1.7888698e-09 6.0663410e-10 5.0588444e-11 0.0000000e+00 0.0000000e+00 0.0000000e+00
3.1991180e-06 2.9802482e-06 2.8079015e-06 2.5661369e-06 2.4674381e-06 2.3437920e-06 2.1172947e-06 1.7902290e-06 1.7580941e-06 1.6225399e-06 1.4683948e-06 1.4317883e-06 1.4340770e-06 1.2920771e-06 1.5707666e-06 1.3601526e-06 1.7414013e-06 8.9453783e-07 1.1393736e-06 7.9382746e-07 1.0405956e-06 1.1269438e-06 5.6161264e-07 7.2684600e-07 1.3968259e-06 1.0399929e-06 1.0459903e-06 6.4043239e-07 6.4165544e-07 8.0375170e-07 2.1684613e-07 1.9629396e-07 5.2282373e-07 3.7842843e-07 2.2317921e-07 9.7529222e-08 3.1530040e-08 2.4617982e-08 2.4380815e-08 2.3131031e-08 9.4786897e-09 4.1092890e-09 1.6556142e-09 1.2721953e-09 5.1454396e-10 1.8397780e-10 2.2293370e-11 0.0000000e+00 0.0000000e+00 0.0000000e+00
2.8064726e-06 2.6180488e-06 2.4701301e-06 2.2603277e-06 2.1761796e-06 2.0697938e-06 1.8721109e-06 1.5848050e-06 1.5582369e-06 1.4397336e-06 1.3043791e-06 1.2732604e-06 1.2767201e-06 1.1515038e-06 1.4013156e-06 1.2146435e-06 1.5566850e-06 8.0042763e-07 1.0205098e-06 7.1167501e-07 9.3379328e-07 1.0122155e-06 5.0489823e-07 6.5401385e-07 1.2579935e-06 9.3745321e-07 9.4366009e-07 5.7827375e-07 5.7987988e-07 7.2697175e-07 1.9629396e-07 1.8839527e-07 5.0226091e-07 3.6392168e-07 2.1488546e-07 9.4034579e-08 3.0448991e-08 2.3820015e-08 2.3645939e-08 2.2499576e-08 9.2542823e-09 4.0322703e-09 1.6361909e-09 1.2711734e-09 5.2418805e-10 1.9600157e-10 2.9709046e-11 0.0000000e+00 0.0000000e+00 0.0000000e+00
7.2035363e-06 6.7311181e-06 6.3617016e-06 5.8303580e-06 5.6220009e-06 5.3554616e-06 4.8512364e-06 4.1125933e-06 4.0494803e-06 3.7466062e-06 3.3987817e-06 3.3220228e-06 3.3354498e-06 3.0120308e-06 3.6699194e-06 3.1848028e-06 4.0864948e-06 2.1036097e-06 2.6850932e-06 1.8745412e-06 2.4623181e-06 2.6719765e-06 1.3342037e-06 1.7299813e-06 3.3310747e-06 2.4848288e-06 2.5037215e-06 1.5357861e-06 1.5415784e-06 1.9344423e-06 5.2282373e-07 5.0226091e-07 1.4257333e-06 1.0341172e-06 6.1136437e-07 2.6790517e-07 8.6888223e-08 6.8103118e-08 6.7762721e-08 6.4663797e-08 2.6693831e-08 1.1688050e-08 4.7752031e-09 3.7485511e-09 1.5734243e-09 6.1145078e-10 1.0804606e-10 0.0000000e+00 0.0000000e+00 0.0000000e+00
4.9987027e-06 4.6801173e-06 4.4322130e-06 4.0694024e-06 3.9311004e-06 3.7515161e-06 3.4042394e-06 2.8906911e-06 2.8510784e-06 2.6419733e-06 2.4002784e-06 2.3495783e-06 2.3626386e-06 2.1365484e-06 2.6068062e-06 2.2652540e-06 2.9105143e-06 1.5001694e-06 1.9173285e-06 1.3401746e-06 1.7625794e-06 1.9149547e-06 9.5732558e-07 1.2426950e-06 2.3955711e-06 1.7889980e-06 1.8045458e-06 1.1081123e-06 1.1135063e-06 1.3987313e-06 3.7842843e-07 3.6392168e-07 1.0341172e-06 7.9993668e-07 4.7347393e-07 2.0775527e-07 6.7483105e-08 5.2990451e-08 5.2841844e-08 5.0562604e-08 2.0944053e-08 9.2122537e-09 3.7873943e-09 3.0010991e-09 1.2795009e-09 5.1350749e-10 1.0114642e-10 0.0000000e+00 0.0000000e+00 0.0000000e+00
2.7985333e-06 2.6268600e-06 2.4941827e-06 2.2953350e-06 2.2224545e-06 2.1258044e-06 1.9332756e-06 1.6450503e-06 1.6259015e-06 1.5096056e-06 1.3740524e-06 1.3475247e-06 1.3575465e-06 1.2297661e-06 1.5029839e-06 1.3082043e-06 1.6836125e-06 8.6914091e-07 1.1125738e-06 7.7881531e-07 1.0258212e-06 1.1161160e-06 5.5875977e-07 7.2629295e-07 1.4020252e-06 1.0484295e-06 1.0588989e-06 6.5107255e-07 6.5508754e-07 8.2389922e-07 2.2317921e-07 2.1488546e-07 6.1136437e-07 4.7347393e-07 3.0072086e-07 1.3213141e-07 4.2985659e-08 3.3816877e-08 3.3797104e-08 3.2427798e-08 1.3478080e-08 5.9550925e-09 2.4633912e-09 1.9696947e-09 8.5220136e-10 3.5207483e-10 7.5574762e-11 7.3187892e-12 0.0000000e+00 0.0000000e+00
1.1488518e-06 1.0818693e-06 1.0305952e-06 9.5119583e-07 9.2365241e-07 8.8600767e-07 8.0796048e-07 6.8926535e-07 6.8298612e-07 6.3564761e-07 5.7987520e-07 5.6995485e-07 5.7548437e-07 5.2239952e-07 6.3975384e-07 5.5793321e-07 7.1944009e-07 3.7208549e-07 4.7718247e-07 3.3461225e-07 4.4150825e-07 4.8118082e-07 2.4128939e-07 3.1412242e-07 6.0734483e-07 4.5487255e-07 4.6009222e-07 2.8330878e-07 2.8547678e-07 3.5954463e-07 9.7529222e-08 9.4034579e-08 2.6790517e-07 2.0775527e-07 1.3213141e-07 6.2504676e-08 2.0365008e-08 1.6050011e-08 1.6075020e-08 1.5464180e-08 6.4483270e-09 2.8612542e-09 1.1904201e-09 9.5981228e-10 4.2080850e-10 1.7826634e-10 4.0921074e-11 1.3077017e-11 0.0000000e+00 0.0000000e+00
3.4357426e-07 3.2493915e-07 3.1088164e-07 2.8802883e-07 2.8074155e-07 2.7029604e-07 2.4735103e-07 2.1170503e-07 2.1045963e-07 1.9646385e-07 1.7973454e-07 1.7715555e-07 1.7937514e-07 1.6324833e-07 2.0042066e-07 1.7520782e-07 2.2646460e-07 1.1738774e-07 1.5088240e-07 1.0602396e-07 1.4018948e-07 1.5309544e-07 7.6921054e-08 1.0032478e-07 1.9434171e-07 1.4581884e-07 1.4774841e-07 9.1135994e-08 9.1992187e-08 1.1604908e-07 3.1530040e-08 3.0448991e-08 8.6888223e-08 6.7483105e-08 4.2985659e-08 2.0365008e-08 7.1773588e-09 5.6665884e-09 5.6873130e-09 5.4851578e-09 2.2944194e-09 1.0222511e-09 4.2763928e-10 3.4750375e-10 1.5422134e-10 6.6800248e-11 1.6194810e-11 7.9383066e-12 0.0000000e+00 0.0000000e+00
2.4192424e-07 2.3023064e-07 2.2163751e-07 2.0645835e-07 2.0229835e-07 1.9577410e-07 1.8002224e-07 1.5476993e-07 1.5453973e-07 1.4484960e-07 1.3301862e-07 1.3159919e-07 1.3374081e-07 1.2212829e-07 1.5042619e-07 1.3191237e-07 1.7102780e-07 8.8907691e-08 1.1460370e-07 8.0745375e-08 1.0704962e-07 1.1720226e-07 5.9032019e-08 7.7170519e-08 1.4984060e-07 1.1268299e-07 1.1441858e-07 7.0727226e-08 7.1542631e-08 9.0431348e-08 2.4617982e-08 2.3820015e-08 6.8103118e-08 5.2990451e-08 3.3816877e-08 1.6050011e-08 5.6665884e-09 4.8763329e-09 4.9044706e-09 4.7422070e-09 1.9898471e-09 8.9013685e-10 3.7436911e-10 3.0652003e-10 1.3760898e-10 6.0829432e-11 1.5449771e-11 9.7081393e-12 0.0000000e+00 0.0000000e+00
2.0794414e-07 1.9979638e-07 1.9414994e-07 1.8231887e-07 1.8003769e-07 1.7553715e-07 1.6253704e-07 1.4062831e-07 1.4129241e-07 1.3318306e-07 1.2294558e-07 1.2225401e-07 1.2486615e-07 1.1454218e-07 1.4169546e-07 1.2476851e-07 1.6241960e-07 8.4750360e-08 1.0965084e-07 7.7520422e-08 1.0312476e-07 1.1327088e-07 5.7229729e-08 7.5031663e-08 1.4611661e-07 1.1019202e-07 1.1218617e-07 6.9529228e-08 7.0513356e-08 8.9347038e-08 2.4380815e-08 2.3645939e-08 6.7762721e-08 5.2841844e-08 3.3797104e-08 1.6075020e-08 5.6873130e-09 4.9044706e-09 5.4148636e-09 5.2488445e-09 2.2091653e-09 9.9212514e-10 4.1941543e-10 3.4587241e-10 1.5695275e-10 7.0668410e-11 1.8672721e-11 1.3833640e-11 0.0000000e+00 0.0000000e+00
1.5972431e-07 1.5606860e-07 1.5411039e-07 1.4668564e-07 1.4670353e-07 1.4476079e-07 1.3551266e-07 1.1840630e-07 1.2009505e-07 1.1416662e-07 1.0620976e-07 1.0640123e-07 1.0946234e-07 1.0106401e-07 1.2579055e-07 1.1140285e-07 1.4583329e-07 7.6488698e-08 9.9462430e-08 7.0642563e-08 9.4404522e-08 1.0413887e-07 5.2832106e-08 6.9529449e-08 1.3592017e-07 1.0287559e-07 1.0509421e-07 6.5351984e-08 6.6495223e-08 8.4514114e-08 2.3131031e-08 2.2499576e-08 6.4663797e-08 5.0562604e-08 3.2427798e-08 1.5464180e-08 5.4851578e-09 4.7422070e-09 5.2488445e-09 5.6352607e-09 2.3789503e-09 1.0724809e-09 4.5565533e-10 3.7834910e-10 1.7343698e-10 7.9417890e-11 2.1717059e-11 1.8131502e-11 0.0000000e+00 0.0000000e+00
4.5828561e-08 4.6459204e-08 4.7432481e-08 4.6375196e-08 4.7522603e-08 4.7942298e-08 4.5764664e-08 4.0677056e-08 4.1922197e-08 4.0415081e-08 3.8071848e-08 3.8593133e-08 4.0152044e-08 3.7440134e-08 4.7031969e-08 4.2009466e-08 5.5444165e-08 2.9297121e-08 3.8371587e-08 2.7430824e-08 3.6891219e-08 4.0936785e-08 2.0884808e-08 2.7626751e-08 5.4283747e-08 4.1285219e-08 4.2365050e-08 2.6459773e-08 2.7037737e-08 3.4500265e-08 9.4786897e-09 9.2542823e-09 2.6693831e-08 2.0944053e-08 1.3478080e-08 6.4483270e-09 2.2944194e-09 1.9898471e-09 2.2091653e-09 2.3789503e-09 1.1227221e-09 5.0803682e-10 2.1688591e-10 1.8127146e-10 8.3887154e-11 3.9007885e-11 1.0989886e-11 1.0045901e-11 1.8902467e-12 0.0000000e+00
8.2895270e-09 9.8189132e-09 1.1288578e-08 1.2001566e-08 1.3171675e-08 1.4070980e-08 1.4078086e-08 1.3006656e-08 1.3872818e-08 1.3763592e-08 1.3288993e-08 1.3776263e-08 1.4631775e-08 1.3886551e-08 1.7725886e-08 1.6063767e-08 2.1490252e-08 1.1493606e-08 1.5227182e-08 1.0996841e-08 1.4934857e-08 1.6722123e-08 8.6028861e-09 1.1466515e-08 2.2699321e-08 1.7384204e-08 1.7953050e-08 1.1282086e-08 1.1597249e-08 1.4878911e-08 4.1092890e-09 4.0322703e-09 1.1688050e-08 9.2122537e-09 5.9550925e-09 2.8612542e-09 1.0222511e-09 8.9013685e-10 9.9212514e-10 1.0724809e-09 5.0803682e-10 2.6069697e-10 1.1182536e-10 9.4063281e-11 4.3929163e-11 2.0724895e-11 5.9979582e-12 5.8986624e-12 6.7847377e-12 0.0000000e+00
0.0000000e+00 0.0000000e+00 0.0000000e+00 1.9478507e-10 1.0514370e-09 1.8245704e-09 2.3721416e-09 2.5899873e-09 3.1258545e-09 3.3934678e-09 3.5122177e-09 3.8581631e-09 4.3057408e-09 4.2520103e-09 5.6161757e-09 5.2416027e-09 7.2000724e-09 3.9391941e-09 5.3286315e-09 3.9179113e-09 5.4109791e-09 6.1501856e-09 3.2076252e-09 4.3274660e-09 8.6676944e-09 6.7095830e-09 6.9964403e-09 4.4372685e-09 4.6012403e-09 5.9500006e-09 1.6556142e-09 1.6361909e-09 4.7752031e-09 3.7873943e-09 2.4633912e-09 1.1904201e-09 4.2763928e-10 3.7436911e-10 4.1941543e-10 4.5565533e-10 2.1688591e-10 1.1182536e-10 5.5246877e-11 4.6760773e-11 2.2029181e-11 1.0534037e-11 3.1229510e-12 3.2604436e-12 6.1496646e-12 0.0000000e+00
0.0000000e+00 0.0000000e+00 0.0000000e+00 0.0000000e+00 0.0000000e+00 0.0000000e+00 0.0000000e+00 0.0000000e+00 0.0000000e+00 3.0094818e-11 4.9262373e-10 9.3767755e-10 1.4048526e-09 1.6588473e-09 2.4882659e-09 2.5538996e-09 3.7859063e-09 2.1986027e-09 3.1287507e-09 2.3964921e-09 3.4317395e-09 4.0226632e-09 2.1552175e-09 2.9751087e-09 6.0880978e-09 4.8030504e-09 5.0925556e-09 3.2800100e-09 3.4503200e-09 4.5185788e-09 1.2721953e-09 1.2711734e-09 3.7485511e-09 3.0010991e-09 1.9696947e-09 9.5981228e-10 3.4750375e-10 3.0652003e-10 3.4587241e-10 3.7834910e-10 1.8127146e-10 9.4063281e-11 4.6760773e-11 4.6547951e-11 2.2114435e-11 1.0710605e-11 3.2458543e-12 3.5641162e-12 8.8173738e-12 0.0000000e+00
0.0000000e+00 0.0000000e+00 0.0000000e+00 0.0000000e+00 0.0000000e+00 0.0000000e+00 0.0000000e+00 0.0000000e+00 0.0000000e+00 0.0000000e+00 0.0000000e+00 0.0000000e+00 0.0000000e+00 0.0000000e+00 0.0000000e+00 0.0000000e+00 2.6766493e-10 2.9003225e-10 5.6675816e-10 5.2505050e-10 8.6270786e-10 1.1182803e-09 6.4775117e-10 9.4998314e-10 2.0483793e-09 1.6874866e-09 1.8545500e-09 1.2328287e-09 1.3337659e-09 1.7888698e-09 5.1454396e-10 5.2418805e-10 1.5734243e-09 1.2795009e-09 8.5220136e-10 4.2080850e-10 1.5422134e-10 1.3760898e-10 1.5695275e-10 1.7343698e-10 8.3887154e-11 4.3929163e-11 2.2029181e-11 2.2114435e-11 1.2696426e-11 6.2244099e-12 1.9248842e-12 2.2074065e-12 6.5262457e-12 0.0000000e+00
0.0000000e+00 0.0000000e+00 0.0000000e+00 0.0000000e+00 0.0000000e+00 0.0000000e+00 0.0000000e+00 0.0000000e+00 0.0000000e+00 0.0000000e+00 0.0000000e+00 0.0000000e+00 0.0000000e+00 0.0000000e+00 0.0000000e+00 0.0000000e+00 0.0000000e+00 0.0000000e+00 0.0000000e+00 0.0000000e+00 0.0000000e+00 0.0000000e+00 4.0668649e-11 1.2368573e-10 3.7943285e-10 3.8583703e-10 4.8818009e-10 3.6083974e-10 4.2426189e-10 6.0663410e-10 1.8397780e-10 1.9600157e-10 6.1145078e-10 5.1350749e-10 3.5207483e-10 1.7826634e-10 6.6800248e-11 6.0829432e-11 7.0668410e-11 7.9417890e-11 3.9007885e-11 2.0724895e-11 1.0534037e-11 1.0710605e-11 6.2244099e-12 3.8391858e-12 1.2101492e-12 1.4423045e-12 4.8573659e-12 0.0000000e+00
0.0000000e+00 0.0000000e+00 0.0000000e+00 0.0000000e+00 0.0000000e+00 0.0000000e+00 0.0000000e+00 0.0000000e+00 0.0000000e+00 0.0000000e+00 0.0000000e+00 0.0000000e+00 0.0000000e+00 0.0000000e+00 0.0000000e+00 0.0000000e+00 0.0000000e+00 0.0000000e+00 0.0000000e+00 0.0000000e+00 0.0000000e+00 0.0000000e+00 0.0000000e+00 0.0000000e+00 0.0000000e+00 0.0000000e+00 0.0000000e+00 0.0000000e+00 1.4837502e-11 5.0588444e-11 2.2293370e-11 2.9709046e-11 1.0804606e-10 1.0114642e-10 7.5574762e-11 4.0921074e-11 1.6194810e-11 1.5449771e-11 1.8672721e-11 2.1717059e-11 1.0989886e-11 5.9979582e-12 3.1229510e-12 3.2458543e-12 1.9248842e-12 1.2101492e-12 5.0928082e-13 6.2853375e-13 2.3423094e-12 0.0000000e+00
0.0000000e+00 0.0000000e+00 0.0000000e+00 0.0000000e+00 0.0000000e+00 0.0000000e+00 0.0000000e+00 0.0000000e+00 0.0000000e+00 0.0000000e+00 0.0000000e+00 0.0000000e+00 0.0000000e+00 0.0000000e+00 0.0000000e+00 0.0000000e+00 0.0000000e+00 0.0000000e+00 0.0000000e+00 0.0000000e+00 0.0000000e+00 0.0000000e+00 0.0000000e+00 0.0000000e+00 0.0000000e+00 0.0000000e+00 0.0000000e+00 0.0000000e+00 0.0000000e+00 0.0000000e+00 0.0000000e+00 0.0000000e+00 0.0000000e+00 0.0000000e+00 7.3187892e-12 1.3077017e-11 7.9383066e-12 9.7081393e-12 1.3833640e-11 1.8131502e-11 1.0045901e-11 5.8986624e-12 3.2604436e-12 3.5641162e-12 2.2074065e-12 1.4423045e-12 6.2853375e-13 1.1556173e-12 4.6878952e-12 9.2607799e-12
0.0000000e+00 0.0000000e+00 0.0000000e+00 0.0000000e+00 0.0000000e+00 0.0000000e+00 0.0000000e+00 0.0000000e+00 0.0000000e+00 0.0000000e+00 0.0000000e+00 0.0000000e+00 0.0000000e+00 0.0000000e+00 0.0000000e+00 0.0000000e+00 0.0000000e+00 0.0000000e+00 0.0000000e+00 0.0000000e+00 0.0000000e+00 0.0000000e+00 0.0000000e+00 0.0000000e+00 0.0000000e+00 0.0000000e+00 0.0000000e+00 0.0000000e+00 0.0000000e+00 0.0000000e+00 0.0000000e+00 0.0000000e+00 0.0000000e+00 0.0000000e+00 0.0000000e+00 0.0000000e+00 0.0000000e+00 0.0000000e+00 0.0000000e+00 0.0000000e+00 1.8902467e-12 6.7847377e-12 6.1496646e-12 8.8173738e-12 6.5262457e-12 4.8573659e-12 2.3423094e-12 4.6878952e-12 3.5631898e-11 1.2866807e-10
0.0000000e+00 0.0000000e+00 0.0000000e+00 0.0000000e+00 0.0000000e+00 0.0000000e+00 0.0000000e+00 0.0000000e+00 0.0000000e+00 0.0000000e+00 0.0000000e+00 0.0000000e+00 0.0000000e+00 0.0000000e+00 0.0000000e+00 0.0000000e+00 0.0000000e+00 0.0000000e+00 0.0000000e+00 0.0000000e+00 0.0000000e+00 0.0000000e+00 0.0000000e+00 0.0000000e+00 0.0000000e+00 0.0000000e+00 0.0000000e+00 0.0000000e+00 0.0000000e+00 0.0000000e+00 0.0000000e+00 0.0000000e+00 0.0000000e+00 0.0000000e+00 0.0000000e+00 0.0000000e+00 0.0000000e+00 0.0000000e+00 0.0000000e+00 0.0000000e+00 0.0000000e+00 0.0000000e+00 0.0000000e+00 0.0000000e+00 0.0000000e+00 0.0000000e+00 0.0000000e+00 9.2607799e-12 1.2866807e-10 2.3064851e-09
</Matrix>
</arts>
