&file_info
sat_lat=34.511312
sat_lon=127.224312
sat_alt=5334.194
zen=171.030788
date=20170930
hour=5
min=16
sec=06.800
psat_lat=34.511312
psat_lon=127.224344
/
